pointwise
1.1633311793417709
1.147893109627134
1.141226149463529
1.1359037928813158
1.1315909890620128
1.1280498874959295
1.1230467910348465
1.1192850632804023
1.1144602187732173
1.111502996540065

listwise
38521744.01363887
1019654693.4058065
5920495963.820087
19750697607.271927
49488131676.08965
104132410033.17053
194751733716.04755
333932872735.68066
536301117599.7898
818375135320.9319

pairwise
1504182508.6039212
31461838779.195908
172085702281.17175
558267141296.3746
1375533969168.726
2859318644675.411
5294762373233.989
9016233624442.55
14407195253635.074
21899894165027.71