0.7372804990178555,
0.7482588456678334,
0.7516855192776002,
0.7533441671017287,
0.7534000242481704,
0.755469723319788,
0.7565820653423113,
0.7569153939814723,
0.7579871033618312,
0.7584308647441749,
0.7578693396814551,
0.7581240742071813,
0.7576007907967348,
0.7568064967765972,
0.7564163554231719,
0.7568091303041118,
0.7568177072670429,
0.757299990274443,
0.757584467035204,
0.7575062701211945,
0.7574998107740342,
0.7576645201956181,
0.7579001055933609,
0.7577797186398412,
0.7578948244641533,
0.7577292935322179,
0.7576499979412037,
0.7577845757016304,
0.7579068181108082,
0.7578786985279293,
0.757720511734991,
0.7577468031704866,
0.7576561945656025,
0.7579862230829871,
0.7582015122267466,
0.7582061582405916,
0.7581860754803417,
0.7582715508907872,
0.7579150396512762,
0.7580599110249983,
0.7576982137404682,
0.7577812373194327,
0.7578566857955046,
0.7580675156845273,
0.7576838170075063,
0.7576850907501372,
0.7575606023964412,
0.7574196609634278,
0.7575492647496304,
0.7577272524013918,
0.75755016301358,
0.7575835264175266,
0.7576427089879153,
0.7576136150691785,
0.7576079176936179,
0.7577589919044235,
0.7578948782756485,
0.7579703425191461,
0.7580774681107557,
0.7581794408985887,
0.758074647021542,
0.7581087270693273,
0.7581115515761533,
0.7581780973704448,
0.7582540704969114,
0.7584053585493076,
0.7582964731781244,
0.7582260430925283,
0.7583300075479282,
0.7585000033076365,
0.7583295735762621,
0.7581791297565796,
0.758428354465974,
0.7585126112951526,
0.7584887904568095,
0.7584338524096552,
0.7583093298361154,
0.7586409754677347,
0.7587263741279949,
0.7588349095399857,
0.7586782692880545,
0.7586889738439114,
0.7586330504442407,
0.7587109005778685,
0.7589481720981193,
0.7588868005093559,
0.7589649919620207,
0.7588848932298291,
0.7590794447921028,
0.7590664879838217,
0.7591448087428224,
0.7589866370862248,
0.759178517548775,
0.7591549658754966,
0.7594651745688116,
0.7593903123264432,
0.759560799931999,
0.7594627399853413,
0.7594818672372499,
0.7595272435877247,
0.7594947890090243,
0.7595791882495582,
0.7598513655017958,
0.7597274537371909,
0.759709134340629,
0.7598214179742409,
0.7599092077798738,
0.7601470553606193,
0.7600980473312801,
0.7603153367222238,
0.7606160691646823,
0.7605821871282313,
0.7607546825519795,
0.7606231594075479,
0.7607267960230191,
0.7610981362989959,
0.7608028054515363,
0.7607654106814116,
0.7610342505463177,
0.7614698287074982,
0.7613360794888008,
0.761622171934958,
0.7619895757884395,
0.7616866853625524,
0.761643429904228,
0.7616139633469438,
0.7616533001275915,
0.7615404770207115,
0.7617112503884947,
0.7617548584966667,
0.7620019492947923,
0.7620969064025078,
0.7624506072617232,
0.7626144622638769,
0.7625177068768223,
0.7628253632751418,
0.7626259068420167,
0.7623368798755054,
0.7621987581580658,
0.7619779884031123,
0.7620515657783347,
0.7620668082351783,
0.7619648103019169,
0.7622555714519911,
0.7620982046984134,
0.7623041005517587,
0.7622679234024077,
0.7622656153828593,
0.7623915176406061,
0.7622095819290526,
0.7622709033629478,
0.7620752373154684,
0.7621912798067709,
0.7620514354745126,
0.7622806839918379,
0.762422795417194,
0.7623881882548986,
0.7623840505055308,
0.7621933626632409,
0.7621290775141518,
0.7620899992525674,
0.7620870738849918,
0.7624991784588301,
0.7623681625296287,
0.7623339128461566,
0.7625333357257535,
0.7627086666086382,
0.7625466865901891,
0.7627513226319406,
0.762597045486873,
0.7628248421622098,
0.7627047836359248,
0.7626205769399691,
0.7625969045816251,
0.7628958592118482,
0.7627718088203415,
0.762816185098084,
0.7629800339868655,
0.7629540759678105,
0.762681981541395,
0.7627099773867666,
0.763181211484305,
0.7631005486472399,
0.7630167729252831,
0.7629668018969854,
0.7630320866480285,
0.7631754886558098,
0.7630991473786662,
0.7632087127019699,
0.7634972425461332,
0.7636054791359724,
0.7634623119809414,
0.763277409868552,
0.7632502718291694,
0.7631489756086631,
0.7631280102186255,
0.7636078267578374,
0.7634498175868548,
0.7636497158059192,
0.7636625496925641,
0.763593909771883,
0.763702459971456,
0.7634782309332971,
0.7637828588254614,
0.7636194247391606,
0.7636143192148873,
0.7635238606751378,
0.7633133106938524,
0.7632045757099948,
0.7627890467978914,
0.7626864600638884,
0.7627384784203781,
0.763023368039606,
0.762807374498039,
0.7626585520042237,
0.7626941725382409,
0.7628448436587517,
0.7629285090390461,
0.762810120145681,
0.7630127457529449,
0.7628830218411287,
0.7629247453453145,
0.7626956276006877,
0.7626991656370633,
0.7630068083836818,
0.7631933797915167,
0.7629811637894232,
0.7630681899752378,
0.7628689745750058,
0.762961866546933,
0.7629798832771694,
0.7631146110166094,
0.7631090282856892,
0.763018982414984,
0.7629894389396495,
0.7629654305200153,
0.7629830357117687,
0.7630187245592832,
0.7630892577808749,
0.7629004697291221,
0.7631283017315841,
0.7628288153010772,
0.7629792732744112,
0.7627195187187358,
0.762843943220946,
0.762754308573627,
0.7627325275113686,
0.7627902245210983,
0.7627577906585616,
0.7625873943679545,
0.7629427112632706,
0.7630642734483347,
0.7629050716754756,
0.7629394458809602,
0.7631107953837942,
0.7631950358622072,
0.763008684371147,
0.7630642553128424,
0.7630625833928169,
0.7630585331497859,
0.7629061048978507,
0.7631163425554077,
0.7630054016734281,
0.7631942810413834,
0.7630449416355245,
0.7629739180524713,
0.7631300546464801,
0.7629399231505847,
0.7630179369464144,
0.7630809855435794,
0.7629914290882068,
0.7632020792057563,
0.7631228368654513,
0.7633169075793053,
0.7632667209620737,
0.7631746824793285,
0.763202882015711,
0.7632455987987381,
0.7633641613212109,
0.7633673624189797,
0.7634339123197694,
0.7633733695928079,
0.7634706643455309,
0.7635589114841911,
0.7635840035357047,
0.7636459077519829,
0.7637120855128439,
0.7636031167601303,
0.7637972784994673,
0.763901348185283,
0.7638783349185041,
0.7640319054394648,
0.763976167285296,
0.7641464943292114,
0.7642147389935563,
0.7641301644071512,
0.7640879965676809,
0.7639485317095299,
0.7641963449813758,
0.7640499347180673,
0.7640858425973069,
0.7641821819655746,
0.7641748833395905,
0.7642611539378491,
0.7643200789455887,
0.7641322310326891,
0.7642050505447952,
0.7641839465887039,
0.7642331978863851,
0.7643267571589383,
0.7644179530981621,
0.7644289625800278,
0.7644976669592017,
0.7646351232912316,
0.7645278307667611,
0.7644708990942403,
0.764380085284642,
0.7645998370926955,
0.7644685373276365,
0.7644436042220432,
0.7647059851929865,
0.7645748386452007,
0.7647257604084192,
0.764686617894886,
0.7647796093143039,
0.7648060575216735,
0.7647269313610003,
0.7649192235685821,
0.7651278973772623,
0.7652221399170221,
0.7651644589951907,
0.7653557939667519,
0.7653774911077585,
0.7650074927203652,
0.7650412127408818,
0.765136295410259,
0.7648433327217931,
0.7650288016796929,
0.7650618145400221,
0.7650045607266929,
0.7651069723410332,
0.7650558753930624,
0.7649613033793595,
0.7649286635838155,
0.7649678045946189,
0.7651314930894249,
0.764973416349506,
0.7650757954211748,
0.765055005980955,
0.7649880059253491,
0.7650715585198087,
0.7649254021837896,
0.7650009081191023,
0.7651376255458694,
0.765042053347472,
0.7651242022502506,
0.7649254229949105,
0.765198333713374,
0.7652985242140057,
0.765047017973594,
0.7650819872177024,
0.7652425516654161,
0.765113598315328,
0.7653477686746498,
0.7651805797617318,
0.765373234958174,
0.7651293336374863,
0.7651763688684248,
0.7652522608502302,
0.765380050474965,
0.7651786480753341,
0.7654361062298554,
0.7652851965493417,
0.7653489809223029,
0.7655181316709867,
0.765356173551294,
0.765446422436594,
0.7654386857925977,
0.765389996812307,
0.7654171582022112,
0.765578447258374,
0.7656336179885714,
0.7656535495114841,
0.765738887681063,
0.7657100930957662,
0.7656056226850809,
0.7655141635536786,
0.7655992841479677,
0.765642623241343,
0.7656718553217069,
0.7657080525077443,
0.7656695278010291,
0.7657811186461861,
0.7655795131691455,
0.7657662592039541,
0.7658574122089249,
0.7656906835234741,
0.7657080900848505,
0.7657443885115893,
0.7655943823851847,
0.7656289182658055,
0.7658157936888542,
0.7657359410621393,
0.7656908565754689,
0.7656947106748189,
0.7658261198055052,
0.765657718995136,
0.765547374075392,
0.7654537363446754,
0.7657351174312281,
0.765467048559952,
0.7656438696149794,
0.7658279465265532,
0.7655378786300759,
0.7656512677637841,
0.7658596866002625,
0.7657828379586012,
0.7658288681386317,
0.7656927908408474,
0.7657193920244737,
0.7657049261233678,
0.765853145742083,
0.7655162946726582,
0.7656408358821077,
0.7657494798277007,
0.7655310325003715,
0.7656136996203098,
0.7656206851745444,
0.7656727519759315,
0.7656733394816873,
0.7656671409238518,
0.7657383552425481,
0.7656737227564329,
0.765699293912042,
0.7656381745232766,
0.7657870159175375,
0.7655938005838653,
0.7658455581021594,
0.7655878002742463,
0.7655096320340554,
0.7654739226257703,
0.7653570943512077,
0.7654910413210191,
0.7654702389955288,
0.7654894982719636,
0.7656526336323743,
0.7655594658099859,
0.7657266932708074,
0.7657308591178943,
0.7654971383504449,
0.7656377083983231,
0.7657785724880283,
0.7658203233650531,
0.7656297205544289,
0.7656586353380306,
0.7656482521932468,
0.765525804693782,
0.7655243242578237,
0.7657898863759174,
0.7657580407439772,
0.7657349272398248,
0.7658389945195817,
0.7656274246404008,
0.7655074401561394,
0.7656937323870898,
0.7656457603679598,
0.7656532846159194,
0.7656992513829789,
0.765601578613673,
0.7659322872083703,
0.7659671619126261,
0.7657980813534823,
0.7657796304962626,
0.7658622330837578,
0.7660034836199044,
0.7658910456554171,
0.7659122159753582,
0.7659199940561083,
0.7658304098972218,
0.7659606805441301,
0.7659908323983486,
0.7660537503131818,
0.765959093620466,
0.766041018352147,
0.7660158672257456,
0.7660582409067274,
0.7659189768193866,
0.7659545613872227,
0.7659187253500631,
0.7658508163752328, 
0.7660765489698378, 
0.7660414062093056, 
0.7661166680432876, 
0.7660207219991886, 
0.7660285624010075, 
0.7661842252020832, 
0.7658921361336867, 
0.7662297000192818, 
0.7659775584561545,
0.7658928706109097,
0.7661100490490627,
0.7660365593782816,
0.7661450056709618,
0.7662588135979362,
0.7663407571735208,
0.7661952450979085,
0.7661017290177183,
0.7664669279113966,
0.766499151271805,
0.7665835383738959,
0.7665389966853788,
0.7663875555744503,
0.7665236162658352,
0.7665678724011872,
0.7666275934860443,
0.7667685629738319,
0.7669863118315335,
0.7667758770091532,
0.7667691206531577,
0.7670033141753893,
0.7669814581668316,
0.7670074399282537,
0.7672480406479087,
0.7670285752333603,
0.7674401060382804,
0.7672316229369688,
0.7671997194379511,
0.7673457237191649,
0.7674766694782397,
0.7674840843528926,
0.7672903454948338,
0.7672576915657798,
0.7672577392661352,
0.7674004240021484,
0.7673409849491483,
0.7673433349204991,
0.7671727704494684,
0.7672893219560835,
0.7671194180032377,
0.7671524509669215,
0.7671427386206898,
0.7672217419478992,
0.7671931415107348,
0.7671699333019486,
0.7672107135285998,
0.7671694094751464,
0.7670882400386759,
0.7671307019335303,
0.7672112553782314,
0.7670699978803118,
0.7670791225305092,
0.7671905495971626,
0.7672303829080644,
0.7671551334761998,
0.7674729469305851,
0.7673677956334005,
0.7674397139156474,
0.7674764935640949,
0.767129119611584,
0.7674556548718727,
0.7673558078711084,
0.7670901278200811,
0.7671359752471255,
0.7673119115770342,
0.7671893362027874,
0.767354311492672,
0.7671496343113872,
0.7671419244948142,
0.7671986640001555,
0.7675023402446415,
0.76738245573334,
0.7674904116992153,
0.7674614034294048,
0.7675603466599871,
0.7675044447423072,
0.767791223661256,
0.7675347018358418,
0.7675355785384517,
0.7677994577582603,
0.7678562270437485,
0.7677147487229256,
0.7678880667781778,
0.7676521767189449,
0.767540465989877,
0.76758508482545,
0.7675524670217483,
0.7675557531384248,
0.7675186184954612,
0.7678641473444812,
0.7677373720279826,
0.7678467331778202,
0.7678348008928138,
0.7678012566591895,
0.7680662367054047,
0.7679730840215399,
0.7679717150782985,
0.7678059881542846,
0.7678756203559634,
0.7677815676049699,
0.7676991058196436,
0.7676320143150401,
0.767588637156809,
0.7675620573449947,
0.767547573625449,
0.7675271462209545,
0.7675202836211499,
0.7676674636264985,
0.7674335067952993,
0.7676099628869943,
0.7677761577610335,
0.7675049453888652,
0.7676528092264623,
0.7675571171431874,
0.7674534389936961,
0.7677428008760798,
0.7676433364479847,
0.7676303024148896,
0.767599418752327,
0.7674967249964785,
0.7676360698052415,
0.767648881168434,
0.7676665363301939,
0.767544382654142,
0.7675636235138534,
0.7676555651475429,
0.7676600180367006,
0.7675184979063828,
0.7675215432063022,
0.7676441769425164,
0.7674288231396118,
0.7675491309736082,
0.7676987959576745,
0.767777362980255,
0.7676651708575717,
0.7676383917591288,
0.7672285498709784,
0.7676145987458552,
0.7673431632323902,
0.7675026613962879,
0.7674795608833536,
0.7674800048378061,
0.7677001480488862,
0.7676058071601035,
0.7676312250997701,
0.7676498314132286,
0.7675511478914271,
0.7676966284169405,
0.7676001439027367,
0.7676506531449325,
0.7677067201473299,
0.7677275416819277,
0.7677997247769134,
0.767623518294278,
0.7676446051642107,
0.7678691761750103,
0.7677080725081435,
0.7679209356354278,
0.7678752330912163,
0.7678473248153947,
0.7677859223614772,
0.7675942660105879,
0.7676563102827544,
0.7676580507065264,
0.7678302215695985,
0.7679390591242737,
0.767740632487861,
0.7677281935333365,
0.7678674048689045,
0.7677247788139282,
0.7678187355054722,
0.7677168612867608,
0.7680166275495981,
0.7678977602851446,
0.7678629432955595,
0.7678575346880014,
0.7679027978773298,
0.7679597233356097,
0.7680027980994201,
0.7678900829732473,
0.7678347891781104,
0.7678125169098596,
0.768011702804616,
0.7677583022031848,
0.7680524639717995,
0.7678884768005003,
0.7681084485288492,
0.7680262762564969,
0.7682992459013839,
0.768041964447188,
0.7683245260421123,
0.7682754875283255,
0.7680058914727955,
0.7679879683905716,
0.768050279043517,
0.7682074809607634,
0.7681038917693995,
0.7682708318079516,
0.7680980462285624,
0.7682737463496601,
0.7683696892332638,
0.7680732260201132,
0.7681101820392563,
0.7681892157796263,
0.7679276867100346,
0.7680355908276595,
0.7682396393521146,
0.7681028942168269,
0.7681244636999143,
0.7682503958513645,
0.7683478632395304,
0.7685759768299881,
0.7683348365639192,
0.7684658928497525,
0.7684434362925291,
0.76857957826092,
0.7687563558536621,
0.7686340858188149,
0.7687546981279355,
0.768815050895957,
0.7686460765100906,
0.7687872331387059,
0.7687498726502741,
0.7688624638793943,
0.7688686686386691,
0.768868904900712,
0.7688498703469572,
0.768906404975124,
0.7687486979741521,
0.7687165802114632,
0.7687770511051231,
0.7688100012205203,
0.7689125394578731,
0.768872816766215,
0.7689648622713856,
0.7689062032270059,
0.7689785468860535,
0.7690609763606903,
0.7687898767147143,
0.7688609589602303,
0.7687212379935956,
0.7690975161430377,
0.7686952562697661,
0.7688571753391368,
0.7688240399545258,
0.7690023886059083,
0.7689394808428255,
0.7687477215674845,
0.7689351419427798,
0.7690295407322059,
0.7690548655182814,
0.7689977256648599,
0.7688785893112802,
0.7689675562575901,
0.7690290459290713,
0.7691602523220296,
0.7690938159517603,
0.769200252047043,
0.7691280418028873,
0.7689776152217871,
0.7689681303206102,
0.7689714869093282,
0.7690822802405105,
0.769146994645599,
0.7689709035869161,
0.7688761455243417,
0.7690303573941293,
0.7690089747085957,
0.7688011715200735,
0.7688308627590611,
0.7688365726445517,
0.7687570609222388,
0.768873626287022,
0.7690045700596824,
0.768788658296615,
0.7691725855334514,
0.7692253141402846,
0.7691675520404646,
0.7691627902437004,
0.7690765346537445,
0.7689706141509717,
0.76898356897853,
0.7689122789379984,
0.7687856726627942,
0.7688480593394604,
0.7688638260625921,
0.7690315841936823,
0.7688956208889168,
0.7689033623589502,
0.7690811840680515,
0.7689921133445429,
0.7690338805083061,
0.7690062686852438,
0.7690168390923968,
0.76910978490183,
0.7690381260277241,
0.7688131781598724,
0.7688947168936334,
0.7688227484677173,
0.7688169873801896,
0.7686441432662092,
0.7687883656878214,
0.7688399652420044,
0.7686432249710831,
0.7687151789622252,
0.7687200949782991,
0.768757038579973,
0.768837116458579,
0.7686106478740968,
0.7687712806179812,
0.7688610773327463,
0.768858182547689,
0.7688431960509752,
0.7688044141159972,
0.7686910386267817,
0.7687133045038929,
0.7685438997984622,
0.7686422228666702,
0.7687722581659799,
0.7687137733024851,
0.7686571228188046,
0.768705479112389,
0.7687848672012363,
0.7685402998702582,
0.7685661468270131,
0.7685173703687592,
0.7685171294821064,
0.7685776401054485,
0.768655163241087,
0.7686568990495897,
0.7687130906260312,
0.7687443509385321,
0.7686118529528737,
0.768679668629285,
0.7687028106769603,
0.7686456907451285,
0.7685899910628046,
0.7685536060723767,
0.7687112378797942,
0.7686154895662092,
0.7688418865377205,
0.7685992695426694,
0.7687608390342323,
0.7686386459000111,
0.7684794736692312,
0.7687247816259506,
0.7686435050778455,
0.7688287040642429,
0.7686254348164908,
0.768402085834279,
0.7686493474965616,
0.768611057639855,
0.7686738569819511,
0.7688319051500094,
0.7688244128982445,
0.7685725969179061,
0.7686027581499062,
0.7686733512735303,
0.7687543503582495,
0.7687328573009236,
0.7686922638003838,
0.7686306343187289,
0.7688779277509298,
0.7687691485349017,
0.7690230970536125,
0.7688299812255475,
0.7686793980491797,
0.7687960813635608,
0.768777110529131,
0.7687738098487525,
0.7686489251190041,
0.7688044747775704,
0.7687297959555969,
0.7686195798934646,
0.7686745172325785,
0.7687435749654714,
0.7688279783906138,
0.7689318255367437,
0.7688932730761369,
0.7688929192631538,
0.7689813879995947,
0.7691309980736553,
0.7690113627644285,
0.769074829853042,
0.7693054075159504,
0.769183862114848,
0.7692629635438301,
0.7691062066915899,
0.7692480453399284,
0.7694447951542528,
0.769453262559812,
0.7693719136007043,
0.7695203995605975,
0.7694797983227873,
0.7694565465615193,
0.7693541015638647,
0.7695281589274113,
0.7694758188807034,
0.7693429550117835,
0.7695127400430812,
0.7695119709629146,
0.7695245994919413,
0.7696598758295916,
0.769630174263104,
0.7694126920042601,
0.7696993733784665,
0.769719620826238,
0.7697302645674194,
0.7698287832973294,
0.7699531021595918,
0.7698530325310062,
0.7696950443946715,
0.7698472626813097,
0.7698677001641661,
0.7700560848123013,
0.7701042980448402,
0.7701073590618137,
0.7700081349887207,
0.7701485666912026,
0.7701084852010576,
0.770166364887515,
0.7701883268416517,
0.7701548474265196,
0.7701864042448073,
0.7702225730797156,
0.7700300168509466,
0.770149325766771,
0.7702378760293179,
0.7701093184162544,
0.7700341116909999,
0.7700344994797865,
0.7702582966088287,
0.7702404250013166,
0.7700566623720733,
0.7701251207339262,
0.7701904731559718,
0.7701522198663054,
0.7702510839381302,
0.7700465349085791,
0.770113275305697,
0.769872701698121,
0.77000796612804,
0.7701263548683255,
0.7701028742795323,
0.7701312344363205,
0.7699030067492719,
0.7702592233012713,
0.7699439334335013,
0.7701027062972309,
0.7698286014894963,
0.7699743321327501,
0.769876090107799,
0.769976661325184,
0.7698854477665501,
0.7700450415959932,
0.7700490301599935,
0.7700129666565321,
0.769941120088292,
0.7701630247309426,
0.7699470292150301,
0.7700154334110797,
0.7700838532548925,
0.7701828858194443,
0.7701586510935704,
0.7700119217182171,
0.7701825555144658,
0.7700659550528424,
0.7699617314427079,
0.7699492447447103,
0.7703453335912542,
0.7701564322098212,
0.7701583911051013,
0.7701250167596553,
0.7702525677194468,
0.7702134403959675,
0.7703012757207466,
0.7702810110106595,
0.7703799016388403,
0.770382556929605,
0.7703036820986426,
0.770328967545282
