score, loss
0.7219820220067223, 1.2308928894996642
0.7206745792074745, 1.2642739740014077
0.7376420058958999, 1.192148776948452
0.7411262519627382, 1.237675090432167
0.7450695345164963, 1.183547465801239
0.739532528593991, 1.2363969057798385
0.7123900077035392, 1.1978491428494453
0.7319116693594359, 1.188002794086933
0.748232488810582, 1.191796056330204
0.753161257243024, 1.1941393399238587
0.7272314043117034, 1.2127038958668708
0.7457597363614962, 1.223181825876236
0.7493783174811853, 1.1872736310958862
0.7543760554792531, 1.222790809571743
0.7269542105346264, 1.1420358474552632
0.7217659374768578, 1.131380756497383
0.7577181430897993, 1.1365220940113068
0.7436819415794358, 1.2196041218936444
0.7435794018820903, 1.1473461988568305
0.7597665795694382, 1.2096930015087128
0.7657693953438942, 1.2323236572742462
0.7576629414689539, 1.1701657557487488
0.7410798610672084, 1.1868521124124527
0.7409801527744501, 1.162105404138565
0.7623612962472099, 1.2200006219744681
0.7641995300174426, 1.1918119710683823
0.7556235678439233, 1.1628420200943947
0.7209725072731572, 1.1565712562203407
0.7476350652484208, 1.1645824000239373
0.7487344347503351, 1.209098443686962
0.754542496914765, 1.1448895359039306
0.7441747116660454, 1.1684912538528442
0.7521116027285845, 1.0986886622011662
0.7325491036233942, 1.1793290242552756
0.7323151391799378, 1.2075425684452057
0.7496842695309244, 1.2020594960451125
0.7393734571183513, 1.1375789308547974
0.7337870646861888, 1.216974340081215
0.7169800051023011, 1.1436058509349822
0.755510629746711, 1.1577590218186378
0.7636236380101508, 1.2061680054664612
0.7644213577342268, 1.1247642254829406
0.7472698144591892, 1.175486610531807
0.7478059685515922, 1.2130298492312432
0.758128003090729, 1.1787656179070474
0.759324305662417, 1.1578683550655842
0.7595470364005512, 1.1499833270907402
0.7573830189098412, 1.130742493867874
0.7203171446792873, 1.1344489401578903
0.7481385813705609, 1.0699620830267669
0.7578839143665503, 1.1265974003076553
0.7262038376143802, 1.1485221466422082
0.737760463161351, 1.120422481894493
0.7512426865214218, 1.1853170076012611
0.7364436703180717, 1.1837177681922912
0.7393025928807033, 1.0994700619578361
0.7222106113112743, 1.18458911716938
0.7572741968411161, 1.140819375514984
0.7322546731985393, 1.159364111125469
0.7694313441922555, 1.1519268247485162
0.7357204464742232, 1.2002395083010198
0.7497398074302338, 1.1856642547249794
0.7590207895812795, 1.1941809087991715
0.7653345690745492, 1.1941624596714973
0.7439725512723234, 1.1710974201187492
0.7446056236232412, 1.192274570465088
0.7513501443298674, 1.1049336144700646
0.7438241070205989, 1.2734676083922387
0.7574331417699335, 1.2664998492598534
0.7449075977537847, 1.1821746331453324
0.746357677791359, 1.2255176836252213
0.7369289839867892, 1.210795688033104
0.7359638560264835, 1.2019856292009354
0.7630552437590173, 1.273575635254383
0.7203538094465476, 1.2182432204484939
0.7636787810676181, 1.2051500046253205
0.75881819696952, 1.1550927501916886
0.7454286747757414, 1.2020567950606347
0.7410363027673775, 1.2716349306702615
0.7530892913590951, 1.2399825504422188
0.746338450352508, 1.180713383257389
0.7332405211840564, 1.0971124230325222
0.7620125518189937, 1.199040215611458
0.7596257797571564, 1.2186136773228646
0.739131475735805, 1.2083213037252427
0.7553402205944006, 1.188163077533245
0.7669619701870608, 1.2176346704363823
0.7613002438296057, 1.2308476205170154
0.726138863790641, 1.2107384279370308
0.7404607282510739, 1.2310453844070435
0.7496500761216021, 1.1165971538424493
0.7531607635476543, 1.2188732513785363
0.7231167091339715, 1.2971692010760307
0.7137545749760598, 1.2154230523109435
0.7484116823618232, 1.2732204115390777
0.7388571411948726, 1.2087409377098084
0.7444046774489603, 1.2895443169772625
0.7537100867823063, 1.2060210892558099
0.7460214242033697, 1.1736044012755156
0.7502476466049484, 1.1923627325892447
0.7662437976361476, 1.2421907287836076
0.7602348669037302, 1.267739930152893
0.7477244880028848, 1.1985808065533639
0.7427480456213319, 1.222256692647934
0.7620995216929768, 1.2406549948453902
0.7375166919263206, 1.2322912472486496
0.7581555925804161, 1.2804393270611762
0.7614487163729373, 1.1619598150253296
0.7504372840235543, 1.1873265224695206
0.7459424390207787, 1.2495149707794189
0.7519976609142951, 1.2120188039541244
0.7230731787618823, 1.200940557718277
0.754894603358316, 1.2125198531150818
0.7388876819692884, 1.2171411645412444
0.7466163815312662, 1.2289755710959434
0.7429633554453137, 1.1570983591675759
0.7403122452369186, 1.210897957086563
0.7405045999079315, 1.2119483304023744
0.7344988521734785, 1.249277816414833
0.7606052981715694, 1.2020937120914459
0.7550416242164494, 1.266970111131668
0.7542966362107911, 1.2332525855302812
0.7427058369573052, 1.170835433602333
0.7557453032941965, 1.2013505923748016
0.7681727527099116, 1.2471465873718262
0.7581600560310535, 1.2398900544643403
0.7382165010554946, 1.2355195552110672
0.7378813923239368, 1.2240978515148162
0.7496273643804606, 1.1135238790512085
0.7629224502350407, 1.2425725543498993
0.7577272321817224, 1.1853971081972121
0.7593865806517973, 1.147462833225727
0.7515327748397514, 1.1606905207037925
0.7642312381170082, 1.2102684649825095
0.7510390594452313, 1.1749420577287675
0.7507182434218321, 1.2024041888117791
0.7574491929017461, 1.1756073585152627
0.7571064177399208, 1.1495316052436828
0.7402465151747151, 1.167540955543518
0.7505803218915229, 1.1487219479680062
0.7606292818445958, 1.2278332388401032
0.7634047885462343, 1.1771997854113578
0.7690151729034226, 1.2111327853798866
0.7622977987161221, 1.1333289077878
0.7388330351276178, 1.1727703815698625
0.7778532043327666, 1.1958563989400863
0.769813332495574, 1.2237770390510558
0.7494695570619561, 1.2253972938656807
0.7703553165735181, 1.1907711359858513
0.7518069692529504, 1.205941013842821
0.7715207959953817, 1.1603722777962684
0.7663056609444562, 1.1689301422983407
0.7664562111867513, 1.1408037938177586
0.7594024655838911, 1.0527807223051786
0.7378603439028593, 1.1234493201971054
0.7470110256148118, 1.1290149503201246
0.7674008010983816, 1.1063050998747348
0.7590417669244284, 1.0105915868282318
0.770135494759156, 1.127881311327219
0.7593752274151442, 1.1111520752310753
0.7528716299358309, 1.0472908841818571
0.769630694956387, 1.1306796368956566
0.7499413005574577, 0.9831405816972256
0.7486981068705129, 1.0994589501619338
0.7659077060345966, 1.1386061304807662
0.7386905125629126, 1.13653842151165
0.7625905019377769, 1.0711677014827727
0.7504652620746993, 1.0820679441094398
0.7692247625463796, 1.0773767568171024
0.7643636835744176, 1.0774386182427407
0.7537678441463164, 1.0800869199633598
0.7676960085736231, 1.0163786938786508
0.7593217836710825, 1.0649852722883224
0.7401394746126962, 1.0878194427490235
0.7591838833815046, 1.0738698720932007
0.747912088257757, 1.0676357531547547
0.7627305373331194, 1.0996285681426525
0.7648432478072299, 1.035248178690672
0.7580136202561333, 1.052438194155693
0.7676426878998253, 1.0934796994924545
0.766299884530495, 1.0358313632011413
0.7553340677181865, 1.0552858939766885
0.7570312459884206, 1.078741568028927
0.7671330839316157, 1.0770619702339173
0.749972245165523, 1.1146804623305797
0.7652194379787906, 1.0646664637327194
0.7695831305094153, 1.0647949887812138
0.7658198063002323, 1.0794795513153077
0.7621987371475955, 1.0319052055478095
0.7551942539875478, 1.0290674573928118
0.7515824240296575, 1.0199681051075458
0.7677171949225413, 1.0718099201098084
0.7471263297661506, 1.0971518376469611
0.7497572540556863, 1.1053537128865718
0.7645296971396262, 1.1664335763454436
0.7387544743990349, 1.059281093031168
0.7453162943787877, 1.0977475559711456
0.7682707098468964, 1.1020302671194075
0.7493800741217278, 1.0997621461749076
0.7540707784001665, 1.0475823536515236
0.7519257985007503, 1.1701002049446105
0.7657073727996722, 1.1324914303421973
0.7626786100950546, 1.161383553147316
0.7635216681393856, 1.1232594192028045
0.756796545707032, 1.1847100046277046
0.7560553811171165, 1.1458208987116814
0.7525944718550052, 1.1337541940808296
0.7713136839674591, 1.1285412108898163
0.7750478244771211, 1.0950911727547645
0.7719194850349974, 1.1802417808771133
0.7753912081585995, 1.2097613683342934
0.7755599252069896, 1.1607079270482064
0.7760838239834112, 1.18828427657485
0.7639232838746529, 1.1244880686700345
0.7599585974473245, 1.1052808579802513
0.7688775619985341, 1.1147438210248948
0.7697145010559618, 1.1952543926239014
0.7744033996804234, 1.120845916569233
0.7763706386043341, 1.1767069962620735
0.7725588148970071, 1.2141062960028648
0.772094601685624, 1.1371634556353092
0.7480195534996127, 1.1734474214911461
0.7715079514788967, 1.1537487795948982
0.7737748802615985, 1.1944935005903243
0.7698493663791888, 1.1828272739052772
0.7611552364591182, 1.143243640065193
0.7685170921923506, 1.1382035082578659
0.7664506016629918, 1.1395504385232926
0.759764895998443, 1.193123477846384
0.7700097418848932, 1.1361838567256928
0.7700986795287084, 1.1543058106303214
0.7732551013995946, 1.0755673551559448
0.756482259909756, 1.1588550865650178
0.7618515156498149, 1.187337084710598
0.7767102812737668, 1.192916738986969
0.7723528480404398, 1.1258089286088944
0.7395526502767915, 1.1906824496388435
0.7660568440372901, 1.1382484257221221
0.7765500479170365, 1.144209214001894
0.7764104373178597, 1.1924789249897003
0.7706243790648288, 1.1126782497763634
0.7704358509129371, 1.158723457157612
0.7673725865339371, 1.198461180627346
0.7666940975062265, 1.1730204463005065
0.7770896575768488, 1.153570308983326
0.7676981930330451, 1.1352137498557568
0.7697474162209864, 1.1169570405781268
0.7531191697124392, 1.1180526107549666
0.7635167982261757, 1.0502914611250163
0.767536965407915, 1.1089622834324837
0.7659205065782791, 1.1322778275609016
0.7563722446765936, 1.101996085047722
0.763243513381185, 1.1548002848029137
0.7586031731890446, 1.1704713541269303
0.7612134340528607, 1.068737542629242
0.7366330092792325, 1.1641655632853507
0.7691084704741259, 1.0634201675653459
0.7623655238882385, 1.1422269561886786
0.7698775521070326, 1.1459440051019192
0.7594173826727882, 1.1654825718700885
0.7635740813095665, 1.1686727452278136
0.7731244519847142, 1.166084399037063
0.7743061947002444, 1.1718803338706494
0.7576950493767609, 1.1466778163984417
0.7678229319234847, 1.1673037362098695
0.7588598273144425, 1.086675957813859
0.7471401966362348, 1.2768699273467063
0.7624759950798574, 1.2435563290119171
0.7656631095479718, 1.1774907076358796
0.7643762679478059, 1.2189094197750092
0.7317687916875427, 1.2297761750221252
0.7671645173386105, 1.2050256845355034
0.7677997240874493, 1.2006397190690041
0.7543282888152759, 1.1981129846721887
0.7648724263003822, 1.188233039677143
0.7654112551494318, 1.1660385078191757
0.7532299521879312, 1.166703461110592
0.7598286142269746, 1.2429465520381928
0.7459513953443837, 1.2293114557862281
0.7638922505676488, 1.1736902689933777
0.7617509684519225, 1.0816945791244508
0.7687794408733997, 1.1728714609146118
0.7684757236883877, 1.1943596675992012
0.7408219861647483, 1.2136562728881837
0.7609831398890715, 1.180794033408165
0.7649156528162245, 1.2254426544904709
0.7699640034748791, 1.2156913008540868
0.7474620559399986, 1.2031043449044228
0.7428308249937801, 1.23671185284853
0.7596875751121077, 1.0981856489181518
0.7600397467814897, 1.2205693238973618
0.7212231334863045, 1.288319279551506
0.7295448877964854, 1.1782665438950062
0.7463165299542219, 1.2503390192985535
0.7595289337603472, 1.2106101483106613
0.7508995549823246, 1.2735318650305272
0.7668494234462134, 1.195696813762188
0.7546419486175747, 1.1266847379505633
0.7541458222809353, 1.171261676363647
0.7589405617518885, 1.2385370618104934
0.7518468647378923, 1.2753066819906236
0.7619385666207651, 1.1652259242534637
0.7473696789107579, 1.1850924661755562
0.7476109739807169, 1.247257145345211
0.7287600328648292, 1.2278981110081078
0.7620153015120599, 1.27267775118351
0.7599277055536032, 1.1662497399747371
0.7599646371608921, 1.166281064748764
0.7546347882990823, 1.226850135922432
0.7617034301279437, 1.2043874603509903
0.7279521702412098, 1.1980902695655822
0.7571354766765717, 1.1781076097488403
0.7451396479136072, 1.2053952896595002
0.7295695572272349, 1.1938426852226258
0.7590011991184173, 1.1434174305200577
0.7652304625871121, 1.1967980682849884
0.755977485330672, 1.1994500464200974
0.7412210549915156, 1.2394088366627694
0.7688209086508634, 1.1886581167578698
0.764472522347984, 1.2605697360634804
0.7614516400140035, 1.2402692091464997
0.7415996262671996, 1.153161602318287
0.7664915703588975, 1.189007960855961
0.7680850680143243, 1.2500709295272827
0.7545277989603306, 1.2610028439760208
0.7630068655578573, 1.1673198747634888
0.7512145516149902, 1.223233589529991
0.7573425095289859, 1.1140272262692452
0.7651497734480952, 1.220513012111187
0.7672011221576857, 1.1741108071804047
0.7685676364550983, 1.1283770123124122
0.7617687143421661, 1.1240679493546486
0.7633084267659856, 1.2277281907200814
0.7504882279130305, 1.174980469942093
0.7632567107561472, 1.183183157145977
0.7628441595834944, 1.1499037906527518
0.7664862439116354, 1.1209957203269005
0.7644204492148329, 1.1364578330516815
0.7596831560151953, 1.115634372830391
0.7598305703262498, 1.222274401783943
0.7686696337965525, 1.1668529495596887
0.7739255295971804, 1.198596215248108
0.7721598592508268, 1.122405000627041
0.763824207469965, 1.1601023057103157
0.77825403500709, 1.175600878894329
0.7831103916397357, 1.2184777104854583
0.7560733753944003, 1.215048269033432
0.7762091643905326, 1.1856362274289132
0.7618205081933848, 1.202659060060978
0.7751512479772195, 1.1578945322334766
0.7598623236860381, 1.1619105549156665
0.7682519750793984, 1.1328707925230264
0.768496366277482, 1.0264519748091698
0.7631210790599123, 1.097615982890129
0.7567831794964148, 1.1019795282185079
0.7690077794109254, 1.0897857309877872
0.7648988048789302, 1.006820981875062
0.7688328766286402, 1.1101862012594939
0.7688323903026019, 1.0969284044206142
0.7586677728744635, 1.0321100284159184
0.7715271784797249, 1.112270173728466
0.7569820305668498, 0.9672948917001486
0.7534712126876557, 1.0749191427230835
0.7721490096998199, 1.1279499831795692
0.7564132843129663, 1.1344176998734474
0.7724701245909767, 1.0593081247806548
0.7662141842770696, 1.067083827406168
0.7698921724619051, 1.069944140613079
0.7599332397335666, 1.0786897486448288
0.7572053761199202, 1.070731870532036
0.7662766053711446, 1.0143032518029214
0.7640472011580306, 1.0589459290355443
0.7682077881145677, 1.0768296146392822
0.7669257876359108, 1.0549280220270156
0.7571112544948516, 1.0643923033773899
0.7663462180371171, 1.09420756816864
0.7663192727453216, 1.0257564990222454
0.7627582135923864, 1.0481137403845786
0.7608538750675282, 1.083019198179245
0.7679981451183338, 0.9934891006350517
0.7640999971068672, 1.0341276161372661
0.7662380158008929, 1.0846814179420472
0.7702390659518612, 1.0636787420511247
0.7447058711301537, 1.0926224373281002
0.7726257718863061, 1.0616025057435037
0.7721662939594931, 1.0639733473956585
0.7741906703206707, 1.0697959011793137
0.7717741876471816, 1.030376612842083
0.7447445314361986, 0.9938372879475356
0.7633033635561618, 1.007737229168415
0.7702388205574736, 1.0681117299199103
0.7549017878072104, 1.077240415662527
0.7666630593479327, 1.0933494506776333
0.7673768744305248, 1.1673143267631532
0.7402366683564592, 1.0442925499379634
0.7611952449572639, 1.0984062945842743
0.7697403380910403, 1.0954488480091096
0.7512827766339779, 1.089405719935894
0.7652838259044099, 1.0455283677577973
0.7633167713336415, 1.1427677661180495
0.7618460664998626, 1.1038071522116661
0.7654423381049337, 1.146416786313057
0.7624478330601716, 1.106210760474205
0.7683809735587489, 1.1542537808418274
0.7457757219932142, 1.1208227947354317
0.7666376972245306, 1.1453312584757804
0.7750873578693274, 1.1251609893143177
0.7698121226164123, 1.0762191277742386
0.7698685255637167, 1.1738020333647727
0.7740836082783992, 1.2021506038308143
0.7782059007165607, 1.1570404440164566
0.7770862293037534, 1.1806426732242108
0.7603831999611191, 1.117166019231081
0.7559218369020295, 1.104894830286503
0.7715457448612904, 1.1134378075599671
0.7707187426736634, 1.1819709323346614
0.7650155990485612, 1.1157639458775521
0.7761334576132155, 1.171886204779148
0.7733137183708323, 1.2011526483297348
0.7809865125926697, 1.1305695359408856
0.7676246215128104, 1.167671111598611
0.7742355660226534, 1.143456343859434
0.7745268526195969, 1.1876062673330308
0.7774846042101976, 1.1801888352632524
0.7707789543456549, 1.1285359141230584
0.7712550904389246, 1.129850772023201
0.7798020472415356, 1.1349146331846713
0.7703005544295359, 1.1892996083199978
0.7716027713350562, 1.1345303332805634
0.7694731558303463, 1.1474645510315895
0.7750941048094628, 1.062178971618414
0.7676626093901747, 1.1536021274328232
0.7704495932422075, 1.1813572198152542
0.7775648370945194, 1.1869426661729812
0.7701407087278546, 1.1160021533071995
0.7614664905044685, 1.1758824813365936
0.7681492494803984, 1.1302127519249916
0.7757681964588903, 1.1413878682255745
0.7784178100036651, 1.17593080163002
0.7792942167311924, 1.1113132092356681
0.7755054300195025, 1.1552920545637608
0.7633344301799099, 1.2005035576224328
0.7679817202439962, 1.1675780026614666
0.7758679522970121, 1.153054791390896
0.7680987595865206, 1.1376292563974857
0.7734386573786314, 1.1162974742054939
0.762195692136733, 1.1060044747591018
0.7667782118134272, 1.0402803476899862
0.763254382146411, 1.0911289340257644
0.7381528682268543, 1.1258020532131194
0.7681242436419263, 1.099977265894413
0.7674623378597176, 1.1520936304330827
0.7590526936850914, 1.1363585609197617
0.7602212633227937, 1.0655648630857468
0.7459956900954993, 1.1530862218141555
0.7732012045011836, 1.041323399245739
0.7687680570063987, 1.1375273543596267
0.7618309581237758, 1.1312470817565918
0.7606735761388799, 1.1491293689608575
0.7656470696133827, 1.1491283133625985
0.7711310755731402, 1.1570209666341542
0.7697188271291128, 1.1640376721322536
0.7681687212210164, 1.1347557623311877
0.7648468433708984, 1.162495259642601
0.767361583446615, 1.0518289989233016
0.7528333476047527, 1.271006790548563
0.769966407864021, 1.230076369047165
0.7677358459868856, 1.1649991354346276
0.7509871550111703, 1.2154410204291344
0.7448534356950829, 1.211926731467247
0.7656746947779901, 1.1982510815560818
0.7691350564226274, 1.2311579036712645
0.7466225471101374, 1.1826940298080444
0.7626072393259017, 1.1785847210884095
0.7536942880902057, 1.150496695637703
0.7585765638300291, 1.1357667699456215
0.7645503805959875, 1.2578727895021438
0.748377012645608, 1.2237134137749672
0.757978295290931, 1.2020993331074714
0.767629184124066, 1.078203233331442
0.766282563065602, 1.1787243384122847
0.7623382840738194, 1.1813424456119537
0.7505894874474945, 1.2112774828076363
0.7712802149058195, 1.1656544455885887
0.7711578710033301, 1.2353006401658058
0.7696791585911105, 1.2161043211072684
0.758268156260983, 1.1669925543665887
0.7617141212268962, 1.2311007058620453
0.7625998163774829, 1.0828012007474899
0.7600625822093525, 1.2100698089599609
0.7037516993411507, 1.2577576246857642
0.7462517241408426, 1.1777619871497154
0.7446076913418155, 1.240716023594141
0.7671625484724846, 1.1849759423732757
0.7508096808264599, 1.289773749858141
0.7677330601557958, 1.1983018842339517
0.7634948798021466, 1.1404691976308823
0.7658480319803528, 1.1534777498990296
0.7614607050846501, 1.2201021045446396
0.749804240620721, 1.2719343209266663
0.7608043447515308, 1.1594922411441804
0.7600439623021005, 1.1931359061598779
0.7688227685893961, 1.2370679205656052
0.7546887779392332, 1.2166135009378194
0.7727596607905716, 1.2651091915369035
0.7664377882187356, 1.1506888182461261
0.7515936071214858, 1.1680651113390923
0.7586996803727198, 1.2186217516660691
0.7648102496858915, 1.197752833366394
0.7373747939688464, 1.175102199614048
0.7598556859818236, 1.177288858294487
0.7470796212137022, 1.1750843662023545
0.7514769043018186, 1.1734413582086562
0.7570610630658845, 1.1443944880366326
0.7673648433255268, 1.1906503272056579
0.7568338042778442, 1.2087919801473617
0.7466997039080122, 1.2333977645635605
0.7676874928076458, 1.1890540200471877
0.766032599546828, 1.2371082751452922
0.7667034286453736, 1.2425706392526628
0.7511749199811067, 1.137671071588993
0.7649270453544397, 1.164946219921112
0.7705116694168256, 1.2179721403121948
0.7570325087346881, 1.2480629152059555
0.7652529055249595, 1.1519936335086822
0.7517580249210263, 1.2560299509763717
0.7619834661083034, 1.1021804884076118
0.7674929259149806, 1.204315513074398
0.7697412652633117, 1.1691148135066032
0.7692773878797934, 1.1182818031311035
0.7638548917331128, 1.131497330367565
0.7693863141222033, 1.20715992256999
0.7594254962433813, 1.1308854526281358
0.765574949679506, 1.1855723749101161
0.7669099196932098, 1.1525941321253776
0.7648313983788874, 1.111718571484089
0.7658780760075005, 1.127564722597599
0.7498653671974732, 1.1055583611130715
0.766191174206718, 1.218376339673996
0.7665397862668514, 1.1655404940247536
0.7751545851283107, 1.2010728412866591
0.7709714806804806, 1.1209162095189094
0.7692237441082417, 1.1563706240057945
0.7777061224429019, 1.17174225628376
0.7827359097557909, 1.218993968963623
0.7565950873495968, 1.2160110563039779
0.7762852373520079, 1.1778056973218918
0.7620327822381643, 1.1895385470986366
0.7736691818820688, 1.1522536435723305
0.7680784160309313, 1.1432944304496049
0.7637990812395551, 1.1231942783296107
0.7695996744311094, 1.0198181983083487
0.7603373053500201, 1.099808469414711
0.7579882764850016, 1.093469600826502
0.7724131787123681, 1.085562718808651
0.7665639877931516, 0.9982877665758133
0.7683268722334925, 1.1078794851899147
0.7713107430291648, 1.1013299706578255
0.7626563137241333, 1.029433075785637
0.7654800072230884, 1.1058322013914585
0.7339851773588796, 0.957151227965951
0.7575571586293478, 1.0672072342038155
0.7690205334266274, 1.1246549017727374
0.7575034095400301, 1.1273885720968246
0.7726131233505341, 1.0438792216777801
0.7708520866581136, 1.0632019075751304
0.7679916858793778, 1.0646697384119035
0.7574468118255011, 1.0622930631041527
0.7689303335748953, 1.0331085106730462
0.7731415420029001, 1.0136735776811838
0.7701544329499784, 1.0514454543590546
0.7623964824905016, 1.0736144810914994
0.7633938455824849, 1.047661773264408
0.7530195459642324, 1.0546012289077042
0.7666633764319112, 1.1016805206239224
0.7706274326262974, 1.0224346432834863
0.7617359323465731, 1.0451708269119262
0.7651261523310102, 1.0838122218847275
0.7743937162502643, 0.9559925681352616
0.7673611723664203, 1.004507982134819
0.7652176335466584, 1.0697485619783402
0.7643226545113764, 1.0537417094409465
0.7521366466822895, 1.1162543098628521
0.7695483541318064, 1.0445359973609447
0.7648971712233738, 1.061197193339467
0.7757647587370671, 1.0617201861739158
0.7684590827398521, 1.0276915075350552
0.7591533035731052, 0.9769101856648922
0.7536419881050984, 0.998025325536728
0.7715934316034857, 1.0627817138656974
0.7456259051176535, 1.0746302995085717
0.7649396474523621, 1.0878538977354766
0.7691061910999306, 1.1614912417531014
0.7503844027052377, 1.0621368113160132
0.7677728958542177, 1.077954108417034
0.7665296420075036, 1.0883649742603303
0.7483867779517102, 1.0785748711228371
0.7679883344402063, 1.0380329743027688
0.7488383311767309, 1.1327113181352615
0.7711435672462851, 1.0906963619589805
0.7710871981591835, 1.1425026178359985
0.769321714694664, 1.0888738322257996
0.7690792079594332, 1.152434406876564
0.7528862655913652, 1.112067927122116
0.771303714399689, 1.1293361151218415
0.7761532322350563, 1.1237176749110223
0.7778009667036516, 1.0570855829119683
0.7746659103275116, 1.1814281514286995
0.7768190750046886, 1.2036248329281807
0.777680536265007, 1.1522168478369712
0.7777633044162151, 1.181140362173319
0.7687146292376204, 1.1122160636633636
0.7650732079149075, 1.1000286409258841
0.7710215581874967, 1.107264288365841
0.773219857402644, 1.1774722428619862
0.7684234682857152, 1.1135820791125297
0.7801161850454145, 1.159121524989605
0.7686368197081808, 1.1897582541406155
0.7784166594601476, 1.1305378594994544
0.7635924417004355, 1.1607862696051598
0.7739395197816565, 1.1488026356697083
0.7729976744464772, 1.1811717838048934
0.7788420387977082, 1.1762887766957284
0.7676233104379073, 1.1318907153606415
0.7693444943547267, 1.1212038937211037
0.7731136884676718, 1.1334127642214298
0.7732338324599616, 1.184225290417671
0.7781466103083576, 1.1302212378382683
0.7710336440321346, 1.1397435936331748
0.7816227690634161, 1.064332144483924
0.7731493825709719, 1.1467121669650078
0.7693683872674232, 1.1712127059698105
0.7774446645307825, 1.1776967805624008
0.7725564126264725, 1.1140950234234333
0.7686329881065824, 1.171608036160469
0.7645356841174046, 1.1172554951906204
0.7770823070606869, 1.1400323489308357
0.7797323817922757, 1.1681260466575623
0.7778178633959284, 1.108604497909546
0.7720920959483754, 1.15062158703804
0.7707277362950001, 1.19908380150795
0.7715354135225025, 1.1632302206754686
0.7756430480157787, 1.1484616085886956
0.7703497862613025, 1.1284571577608586
0.7764255820558477, 1.1098424172401429
0.7618373766692738, 1.0985062989592551
0.7640244519330704, 1.033880925923586
0.7663371796569537, 1.0904204653203486
0.756238901645724, 1.1202586337924003
0.7647897964262163, 1.0929202196002006
0.7679520692693901, 1.1375154089927673
0.7630393452164544, 1.1290394990891217
0.7672534601803075, 1.0619720984250307
0.7425417923362643, 1.1368388229608535
0.7724335705455913, 1.0164219325780868
0.7565391146105916, 1.1244208696484566
0.7705954131591892, 1.1143305838108062
0.7636813806463034, 1.1518191855028272
0.7652327782836912, 1.139018672555685
0.770837145704654, 1.1511985631566495
0.773937243453013, 1.1530461126565934
0.7726049850324463, 1.1319660943653433
0.7639176799484533, 1.1493427538871765
0.7573985461558842, 1.0495456767827271
0.7585008909262339, 1.2244038492441178
0.7687103448665425, 1.2330420643091202
0.7693144795087703, 1.1708729341626167
0.7640097605258576, 1.2060251626372338
0.7716445960148767, 1.2077635431289673
0.7685486884607654, 1.1888347895443439
0.7664143838787134, 1.23282827347517
0.7627774642718577, 1.1991361857578158
0.7592238227914857, 1.1853609624505044
0.7673180217275094, 1.156785910129547
0.764528253261936, 1.142876747995615
0.7620651782288863, 1.2295553529262542
0.7505966484589632, 1.2258195717632772
0.7686278053799853, 1.1750248783826829
0.7666132624160247, 1.0643640558421612
0.7669247428641776, 1.1721576541662215
0.767658051336699, 1.1762685152888297
0.7313971263377573, 1.2104849014431238
0.7719952622710664, 1.17316877245903
0.7729967066355894, 1.2004713916778564
0.7451950226086141, 1.2171443891525269
0.7487067582922511, 1.1792651334404944
0.7650773878942626, 1.2294725012779235
0.7628108609097562, 1.0867481350898742
0.7700361356484163, 1.2370916670560836
0.7461717763009901, 1.2584839367866516
0.7463768620335018, 1.1609908659756183
0.7457623657656585, 1.21220773473382
0.7648586564996565, 1.18361312687397
0.7633758884426519, 1.2626695117354394
0.7677569731921066, 1.1939745171368121
0.7634864624861093, 1.1189360625296831
0.7557930581951036, 1.1539594051986932
0.7600512236477893, 1.2393598553538323
0.7574108573043176, 1.2681614255905151
0.7645146080200983, 1.1438415378332139
0.7612486506907088, 1.1852727861702441
0.7637136453883978, 1.2134893321990967
0.7470039941540567, 1.224932033494115
0.7659368214912778, 1.2484700271487237
0.7660832153950385, 1.140005473792553
0.7627328778612256, 1.1737520787119866
0.7589207300270837, 1.2104313063621521
0.7640853934718397, 1.1807346761226654
0.7513266160591058, 1.1974949949979783
0.7618038508859305, 1.191240451335907
0.7415804320351395, 1.1638531145453452
0.7628964260207158, 1.2040054833889007
0.7637453217335388, 1.1474347627162933
0.7696571335252255, 1.199323332309723
0.753786532529502, 1.2060853326320649
0.751096606664731, 1.209124917536974
0.7749239240444814, 1.1749456617236138
0.7662601863707873, 1.2317491263151168
0.7617959850051724, 1.2312047326564788
0.751900163455056, 1.1593312564492226
0.7704637405675971, 1.1747429090738297
0.7721925317111846, 1.2200276830792427
0.758135959416365, 1.2192481595277787
0.7657742023639406, 1.1567949718236923
0.7242111579131791, 1.235200457572937
0.7630808153373977, 1.123007483035326
0.7652229986882684, 1.2168367236852646
0.7693351851664542, 1.1907626855373383
0.7675944213968036, 1.1370810335874557
0.7658061753545461, 1.1361581168323756
0.759388466175125, 1.199555903673172
0.7654659387758181, 1.127630925476551
0.7656581947268457, 1.1605691073834896
0.7651583656882138, 1.144489706158638
0.7674304153393707, 1.116966504752636
0.7670622639894631, 1.1418252111971379
0.7565117626473167, 1.0794923596084118
0.7691331787678818, 1.214696109890938
0.7673624909914958, 1.166930367052555
0.7759794470077452, 1.1975741416215897
0.7724345158723526, 1.1096072712540626
0.7691331571390678, 1.1506349420547486
0.7757661126413424, 1.167194074690342
0.7734400650111356, 1.2124695801734924
0.7577988640600198, 1.2166672676801682
0.7799763883525906, 1.1661154115200043
0.7612710561515783, 1.191029637157917
0.7739276072772808, 1.1465399360656738
0.7664902416957152, 1.1258426995575428
0.7655285848427519, 1.114412228241563
0.7719396212863257, 1.0073775193095207
0.759507803954428, 1.0875797864794732
0.7717645997241191, 1.077509674578905
0.7748285873382936, 1.0790138110518455
0.7650456311486686, 0.9881225441582501
0.7700646198656117, 1.1050573958456515
0.7728972037808568, 1.1042577832937241
0.761721932619908, 1.0218758471310139
0.7692439886027852, 1.0892258295416832
0.7466676957811623, 0.9455451921746135
0.7556752148962037, 1.0693584170937538
0.7737688362338205, 1.1232881814241409
0.7585161723901137, 1.117727619111538
0.7719477894003981, 1.0416159704327583
0.7688672581043898, 1.0550682108104228
0.7736966836185873, 1.0627829866856338
0.7665123455863864, 1.0657298558950423
0.7736837346834814, 1.0226981170475482
0.7705350748756427, 1.0000276368856431
0.7693149332453386, 1.0478966031968593
0.767729615549022, 1.0724955093860626
0.7689275952271887, 1.0506670746207236
0.745632552282931, 1.0459050098061562
0.7652828592837901, 1.1064658520370723
0.7700259240355889, 1.0130511439964176
0.7600693994075821, 1.0422762480378152
0.7679618259116664, 1.0737601983547211
0.7706610415202292, 0.9143541699647904
0.7679818679160979, 1.0056121723353864
0.7700825301768159, 1.0679966667294503
0.7616619508721129, 1.0512292400002479
0.7448994804833166, 1.1163821625709534
0.7771780151119648, 1.0563584793359042
0.7730418950834274, 1.0560840699076652
0.7753294917140372, 1.0600658768415452
0.7726324812362253, 1.020028317058459
0.7543983416669142, 0.9518418338894844
0.7658136605210394, 1.0012820298969745
0.7645600083786781, 1.0529755509272218
0.7541449135601119, 1.0857048493623733
0.768000399916304, 1.0686883672326803
0.7713504431320642, 1.1597049131989479
0.7504752715462893, 1.0482034702599048
0.7692443810718754, 1.0824883481860161
0.7700770671957752, 1.0887872838974
0.7568930089931752, 1.0658468510210515
0.7715685269060177, 1.0296181973814964
0.7611276164407433, 1.1383082276582719
0.7711796362955154, 1.1021184030175208
0.7748532625170472, 1.1489140647649765
0.7758326841116205, 1.0772829699516295
0.7684875130043817, 1.1460198551416396
0.7594467931141705, 1.1062481024861335
0.7734673670791592, 1.1153067833185195
0.7735754577805017, 1.1235660326480865
0.7745559329546257, 1.041216488778591
0.7732454180467174, 1.1760886546969413
0.7811254733129569, 1.1933188876509666
0.7805138659930518, 1.1505840510129928
0.7812620568587916, 1.1688107420504092
0.7724201193768977, 1.1094735538214444
0.764908925115828, 1.1024750995635986
0.7717616284324182, 1.107955906316638
0.7741678571476027, 1.168574322760105
0.7721605941076266, 1.1140634268522263
0.7792329527243489, 1.1504925400018693
0.7711559568064241, 1.1850392749905587
0.7766871939172056, 1.1250577190518378
0.7686855863475601, 1.1559965746849776
0.7755011106565344, 1.1453386586904526
0.7772815189762088, 1.179825189113617
0.7798513094294279, 1.170141453742981
0.7733923394299883, 1.1247183403372765
0.7718401676143444, 1.1225675916671753
0.7827586899455754, 1.1317255344986916
0.7742590303138767, 1.183951130658388
0.7765976033086901, 1.1265755845606327
0.7738697781280225, 1.1335411262512207
0.7785095579891088, 1.0493629253655672
0.7749416740426324, 1.141064898967743
0.7739320942685148, 1.1758072918653488
0.7773650247649011, 1.175929874777794
0.7765428733988711, 1.1190386585891248
0.7604158487076175, 1.169806744158268
0.7670181244087341, 1.1258205816149711
0.777953216802555, 1.1354889817535878
0.7787566413690801, 1.1676764199137688
0.7762137837098539, 1.1051609602570533
0.77296642982558, 1.1423100244998932
0.776331229938731, 1.201159119307995
0.770798402646329, 1.157456152290106
0.7731961010205215, 1.1441973462700843
0.7701190994118311, 1.123664927110076
0.7740511800570921, 1.1079568777978421
0.7560279781977693, 1.1045686927437783
0.7685339350922165, 1.0312478774413467
0.7691174566075654, 1.1013093627989292
0.7659205034148869, 1.1129134035110473
0.7646729406357289, 1.0771925306320191
0.7712026246236368, 1.138077262043953
0.7566767028087336, 1.1250339370965958
0.7681840597972485, 1.0650650460273028
0.7421160935033124, 1.1349175414443016
0.7734718221076067, 1.0271896058321
0.7649497013612135, 1.1380142307281493
0.7737408657286383, 1.1200794136524201
0.7650897299802185, 1.128460241779685
0.7729568489079688, 1.1303777208179235
0.7728593496138675, 1.1403748630266637
0.7689118892594654, 1.1388486440479755
0.7685279198880547, 1.140489550800994
0.7652590862870435, 1.1515917229652404
0.7607420487960378, 1.0169828408956527
0.7496549694603034, 1.2234757820516824
0.7673833744807651, 1.2135326874256134
0.7635997571361548, 1.1686798274517058
0.764094999336014, 1.1966823375225066
0.7653128279961301, 1.214266163110733
0.7644229871846924, 1.1697292873263359
0.7661724487520785, 1.233392628133297
0.7655379615414749, 1.167887805365026
0.7613259545993057, 1.1699117915332318
0.7720855028559624, 1.1259896582365037
0.7553009208796112, 1.1304553201794625
0.7617810509856345, 1.2323984974622726
0.7417924128316268, 1.2192662289738656
0.7676131570423619, 1.171874268054962
0.7682533785850877, 1.043686509206891
0.7666527906768126, 1.1959644278883934
0.7690589207912081, 1.1619005140662193
0.7523696979633406, 1.2073501253128052
0.7703722728884517, 1.1524533280730247
0.769774872916907, 1.2139817893505096
0.7671314177179164, 1.2223900072276592
0.7607922125005981, 1.1726379799842834
0.7654846609069752, 1.2194949012994767
0.7638713801361107, 1.07602718770504
0.7622341581420343, 1.2021844592690467
0.7363139894494843, 1.2562930327653885
0.7389111750887982, 1.1623074114322662
0.7584716828600789, 1.2209038490056991
0.7653236450970203, 1.1709405177831649
0.7606971115424495, 1.227902056723833
0.770318434427608, 1.2025292436778545
0.7635425119244138, 1.1248730932176114
0.7560985782487816, 1.1397859384864568
0.7629431628512373, 1.2467112267017364
0.7577471261529076, 1.250403168797493
0.7609044336020556, 1.1313838565349579
0.7597250415150757, 1.1675903114676476
0.7653188603042358, 1.2054964578151703
0.7451022544754203, 1.2173398066312076
0.7541838141211968, 1.2906764394044876
0.7646551016149912, 1.1469694407284259
0.7624068785584293, 1.162798104584217
0.7609159055536022, 1.2258853816986084
0.7637173103499347, 1.1742919147014619
0.748561627748276, 1.1949246555566788
0.7609225273924022, 1.179332212805748
0.7553340970337725, 1.190940907895565
0.7526231354510686, 1.1926005470752716
0.7582411776341729, 1.138604201078415
0.7695646562592073, 1.2015993988513947
0.7523821702212758, 1.2034666228294373
0.746365486349308, 1.21066965572536
0.7707320091878941, 1.1840179091691971
0.7651900159344809, 1.2098858574032783
0.772061630714519, 1.2345918172597885
0.7572308708432279, 1.1540038546919822
0.7641469066307028, 1.1668198457360268
0.7722550229391416, 1.2262542875111102
0.7581152181828904, 1.2194934329390525
0.767765804517648, 1.1414246886968613
0.7365100250842717, 1.2227558553218842
0.7648825013209277, 1.095961225181818
0.7691248872601905, 1.2201418942213058
0.7716705836122176, 1.1589858582615853
0.7703356615592271, 1.096358704715967
0.7674123273850691, 1.1084762657433749
0.7708526738417276, 1.189524206519127
0.763081923091556, 1.1372307097911836
0.7701448568740836, 1.1429904183745385
0.7631713232395059, 1.1382828325033187
0.7658464788816522, 1.1051890656352044
0.7689219405209281, 1.113897469639778
0.752887273436666, 1.0826493526250125
0.7676995500609138, 1.210963916182518
0.768360564913484, 1.1657108142971992
0.7779842791338847, 1.194167165160179
0.7746497067918093, 1.1096606144309045
0.7721500000815177, 1.1447012117505073
0.7757179041780836, 1.162089265882969
0.7840114223147993, 1.2098210448026656
0.7627779243271489, 1.2072180941700936
0.7774914205806864, 1.1545556852221488
0.7651023131009657, 1.1796242439746856
0.7771611272242679, 1.1364925268292427
0.7654067477282084, 1.1165698914974929
0.7653528206594162, 1.1197502848505974
0.768410399204684, 1.008942973613739
0.7602584096977634, 1.0861337241530418
0.7589850503999728, 1.081934041529894
0.7736246809917265, 1.0775310391187667
0.7682989020334432, 0.9809460474178195
0.7689426591269451, 1.0883757780492305
0.7638432456629971, 1.0908248430490495
0.7657346555792346, 1.0175648748129607
0.7730367556181778, 1.0900258487462997
0.758086813218603, 0.9409595815837384
0.7575499400121392, 1.063403450846672
0.771106833593186, 1.1189113873243333
0.7495529916346185, 1.1084049025177956
0.772003335095101, 1.0429541075229645
0.7679437617340505, 1.0495414538681507
0.7735476868011119, 1.0591628147661687
0.7632961346408845, 1.0483255317807199
0.7709291003947253, 1.01639658883214
0.7706736336409031, 1.0107084039598704
0.7663096818249974, 1.0457544086873531
0.761321205482575, 1.0672602263092994
0.7672617403383442, 1.0499849677085877
0.7611077780604467, 1.0573680652678012
0.7674684521628216, 1.079402103126049
0.7688055180989948, 1.008465724438429
0.7624760147619626, 1.0407517957687378
0.769792391266005, 1.0698589232563973
0.7762426105724979, 0.9125773438811302
0.7668875011134099, 0.988402689024806
0.7692149873848566, 1.0601390221714972
0.7639895976643443, 1.038648430109024
0.7506605920574939, 1.0953057812154292
0.774798842697016, 1.0322763645648956
0.7726947142416146, 1.0551978255063295
0.7728501583091736, 1.0480253359675407
0.7709495252091525, 1.015771501455456
0.7645777069090414, 0.9336892269551754
0.7646839847660983, 0.9970364685356617
0.7773496098040801, 1.0517084912210704
0.7571907301324353, 1.0698124289512634
0.7683654335552321, 1.0680273233354092
0.7730971714669177, 1.1573993250727654
0.7506911849649468, 1.047038712799549
0.7673510155198884, 1.0688001960515976
0.773537453732102, 1.0763364470005035
0.7589779257912468, 1.0678235493600368
0.7744515111927907, 1.0351755763590336
0.7645091358970976, 1.1329268550872802
0.7692568425950379, 1.0790243718028067
0.7737985004190665, 1.142020560503006
0.765576733088105, 1.0865310031175612
0.7612958400488424, 1.13246825248003
0.7565236428067399, 1.1325035554170608
0.7652478911855929, 1.1136566284298897
0.7746910413462821, 1.1140235229581594
0.7743298938966482, 1.0270131641626359
0.7739278070799047, 1.1716205990314483
0.7759964010965643, 1.1904813319444656
0.7793169240317279, 1.157069881260395
0.7827176284235442, 1.1667410898208619
0.7729679582684335, 1.108972906395793
0.7672393583063826, 1.1008294120430946
0.773053397363873, 1.1055700429528952
0.7737272563676042, 1.1646509646624326
0.7743150229532337, 1.1102840161323548
0.7785539939496711, 1.1448600262403488
0.7769244020154001, 1.1755491688847541
0.7811446543083342, 1.1205693174153566
0.7786283804943742, 1.1548471399396658
0.7758100634687721, 1.1376189920306206
0.7772240690742249, 1.175977550148964
0.7710742693746176, 1.1703189912438392
0.7747276738425545, 1.1262661936879157
0.7759998143815304, 1.1150672593712807
0.7801689703955673, 1.1298874709010125
0.7779090147974062, 1.183392531722784
0.7778131993857952, 1.1266994930803775
0.7728196388920364, 1.1320005664229393
0.7798984218774399, 1.0496656712889672
0.7647812650479369, 1.1357961916923522
0.7763442383003258, 1.1653232353925704
0.7809365703328687, 1.1757236421108246
0.7715983928605877, 1.1006776709854602
0.75409553926936, 1.1709916508197784
0.7637570939825935, 1.1201778316497804
0.7772148258147465, 1.1358763485401868
0.7807906170661529, 1.1619327303767204
0.7784811900068299, 1.1092332054674625
0.7735799759894971, 1.1379918743669988
0.7673530657024344, 1.2002944585680961
0.7693814793676094, 1.1525310020148753
0.7750639844648554, 1.1412211069464684
0.7711269535475623, 1.1199546161293983
0.7772530221615319, 1.100833804756403
0.7612212056675723, 1.090018447637558
0.7698388796148365, 1.0308576463535428
0.7680706537050734, 1.0871358822286128
0.7619695775628517, 1.1095716641843318
0.7632024614495798, 1.0760719785094262
0.7714724064479699, 1.1355860954523087
0.7496688474254438, 1.1309743328392505
0.7721438100306429, 1.0589080337062478
0.7446656204498134, 1.1509352767467498
0.7711563897568813, 1.018993676006794
0.771201285543564, 1.1247640895843505
0.7743267572443107, 1.0943396991491319
0.7570299911933479, 1.1331981625407934
0.7695228493760603, 1.1191825859993696
0.7687360749058932, 1.1278753170650453
0.7725689759686016, 1.1381325989961624
0.7705150998701503, 1.1374737936258317
0.7702282405111932, 1.1519095334410667
0.7603541068203907, 1.0343934601545335
0.751240585458363, 1.2050008220225572
0.7632914746565977, 1.2342679563164711
0.7646713786382041, 1.1764717745780944
0.7678174123106131, 1.1906207770109176
0.7585723133919685, 1.1859973752498627
0.7698965861286138, 1.196784527041018
0.7714529099157307, 1.2065118712186813
0.7637787169218097, 1.1560567044652998
0.7626504342931827, 1.1761765360832215
0.7650619489415351, 1.1071584010124207
0.7633438875007053, 1.128237846195698
0.7664966618721031, 1.2414434993267058
0.7560582788766836, 1.2308218494057654
0.7647397723926276, 1.15483088940382
0.76716380083907, 1.0495708668977022
0.7659880997832663, 1.1658809554576874
0.7675838536374802, 1.1535910633206368
0.7509588621255237, 1.225662184730172
0.7620194496218401, 1.1563917523622513
0.7719008657634511, 1.179067948386073
0.7726957884725402, 1.2260538858175278
0.7609034147013328, 1.1571564111113548
0.7551037913059603, 1.2066843795776367
0.7609278048365196, 1.0746042972803116
0.7620755537411642, 1.222994937002659
0.7299349402739208, 1.2467636159062385
0.7433543835530173, 1.13845518425107
0.7516052050813538, 1.2246701796352863
0.7632819970198953, 1.1708580505847932
0.7612509615348195, 1.2250627101957798
0.7634623370816138, 1.183671889603138
0.7641814753185938, 1.1308404702693224
0.7560314764170545, 1.1331824818253518
0.758554822558448, 1.2490009707212448
0.765989883497877, 1.2488702267408371
0.7593008890271353, 1.1616229850053787
0.7561099217606596, 1.1802299338579179
0.7630436920885356, 1.1739423966407776
0.7563081933933696, 1.2211205754429102
0.7675915629175051, 1.260490324497223
0.7681636623931966, 1.1381524515151977
0.7641631749664022, 1.1526560682058333
0.757260513223908, 1.229044132232666
0.764288559692735, 1.1573403650522232
0.735765871333969, 1.1777635350823403
0.7656441935325435, 1.1847404593229294
0.7579084464978273, 1.1368040016293526
0.7539092470455396, 1.2173985421657563
0.7627146834788718, 1.1362666276097297
0.7702885779680618, 1.1834971368312837
0.7583245765536303, 1.1830070739984513
0.7496960744818212, 1.2339702929556369
0.7747163737027087, 1.173056502044201
0.7736581815850901, 1.2198630246520041
0.7667743422693256, 1.2280949905514718
0.7441220331621079, 1.145536281466484
0.7616386873403199, 1.1466607841849328
0.7719474669396084, 1.220372002720833
0.760273428172142, 1.2061247310042382
0.7664270609318076, 1.142028442621231
0.7469794781897326, 1.214021492600441
0.7671620097975579, 1.0934156650304794
0.7679515324426497, 1.1901643994450568
0.7721677973068493, 1.1359347212314606
0.7630780870380661, 1.0742620053887366
0.7673319690530885, 1.1162802490592003
0.7646333926284917, 1.1848234796524049
0.7632402268835318, 1.1412234234809875
0.7725074270395839, 1.1483501869440078
0.7595032615548843, 1.1413636034727097
0.7692107561438533, 1.102811791598797
0.766132552743174, 1.1208721987903119
0.7533452905583072, 1.0674710280448199
0.7712230426499374, 1.210799749493599
0.7697413364882396, 1.1652924272418022
0.7789009412227743, 1.1930644059181212
0.7771741409364479, 1.105048141181469
0.774182569069737, 1.150067129433155
0.7785913578061001, 1.151248821914196
0.7850450921807823, 1.2029617291688919
0.7648955888719112, 1.2056939010322094
0.7814225635202224, 1.1607819251716136
0.7657095347688756, 1.1818996810913085
0.7778451416941751, 1.1379293954372407
0.7708017670011983, 1.1184848019480704
0.7648539518088656, 1.1087846794724465
0.7759296211203021, 1.0006251721829176
0.7628073963585102, 1.0761775143444539
0.764325272921404, 1.0897433158010243
0.7718670528077045, 1.0736705689132213
0.7690625087169168, 0.9771674449555576
0.7736261112190524, 1.0874211771786213
0.7690643534654565, 1.0966671720147132
0.7622869105513334, 1.0103251120820642
0.7751827297133482, 1.080704800337553
0.763388485215865, 0.9429227587208152
0.7522190523774567, 1.068754504919052
0.7728636421008863, 1.124373998939991
0.7603972247846659, 1.1049702987074852
0.7710680868723871, 1.0433062595129012
0.7699609864402452, 1.0461516167223452
0.7731725825212861, 1.0526481963694096
0.7736050600708344, 1.0440158046782018
0.7716621631683662, 0.9971681857109069
0.7729336460470952, 1.0003268080949783
0.7711781369672027, 1.0461552733182906
0.766565444662634, 1.071789293885231
0.762427925537805, 1.0465193876624108
0.7619689733264663, 1.049144386127591
0.7693626853287614, 1.0837870674580337
0.7694771082685785, 1.0036777804791928
0.7638090514008006, 1.040424099266529
0.7735060342046349, 1.078273624777794
0.7761009460895957, 0.9012777584791184
0.7695424689010818, 0.9823615722358227
0.7700112726079743, 1.0603739070892333
0.7648634646079345, 1.0417823241651059
0.7473533758240783, 1.10719612210989
0.7774641901053813, 1.0358729095757007
0.7753766968747464, 1.0589444288611412
0.7734960188890805, 1.049766773879528
0.7710018690387922, 1.0094659435749054
0.7675482032052255, 0.9244313753396273
0.7718559822477303, 0.9901255567371845
0.7762128249556732, 1.0471851347386838
0.7592703608060287, 1.0693366494774819
0.7674620678257618, 1.065398833155632
0.7706052386332348, 1.148416874408722
0.765203216552485, 1.0221371413767337
0.7663798915468992, 1.0721026736497878
0.7743958648923084, 1.0821193695068358
0.752729279938548, 1.075855562388897
0.7731905896792581, 1.0293952530622483
0.7529701141361802, 1.1529519480466843
0.7691902842164317, 1.0822945219278335
0.7768972637648038, 1.132265675663948
0.7688802715959885, 1.0926184642314911
0.7699999056923068, 1.1437275505065918
0.7589835770488702, 1.102943681627512
0.7728614238616088, 1.12361567735672
0.7740731038178558, 1.105343729481101
0.7774063293228137, 1.0118066418170928
0.7750571012382579, 1.1750164368748666
0.7778488092288381, 1.1923373129963875
0.7797309717930748, 1.1485634008049965
0.7793999867755467, 1.1674586045742035
0.7757488926611036, 1.104313168823719
0.7686130125263696, 1.1003580838441849
0.7752810123210446, 1.106780806556344
0.775180522097958, 1.1633725683391094
0.7724803362733434, 1.111031860113144
0.778258245364402, 1.1414277738332748
0.7796142267892475, 1.1690759874880314
0.7800967725500662, 1.1146577262878419
0.7763014931821218, 1.1519156976044178
0.7807063368898725, 1.1368637357652187
0.7784842839770546, 1.171987544298172
0.7804042402718544, 1.167735957801342
0.7705546053585083, 1.1159104132652282
0.7737642761303724, 1.1189640447497369
0.7787736234041813, 1.1198947383463382
0.7752570566686201, 1.1782224361598492
0.7814375436601456, 1.1245923393964767
0.7716450457806294, 1.1274208986759187
0.7786634235840071, 1.0442456474900246
0.7697500882882168, 1.1334368127584458
0.7772883699892473, 1.1671829986572266
0.7781413109276278, 1.1655010616779327
0.7656388069924821, 1.0890701304376125
0.7719087785528158, 1.1457406395673753
0.7748049776948271, 1.0895698945224286
0.7766997418052829, 1.1250712631642819
0.7784118248884021, 1.159219652712345
0.7804094554410244, 1.10669251203537
0.7732625666366019, 1.1340929812192917
0.7783491806854788, 1.1957237461209298
0.7707928343583347, 1.1533085557818412
0.77628646018552, 1.143448949456215
0.7713013191505207, 1.121106938496232
0.7795360707547734, 1.1009787160158158
0.7493881146190898, 1.0817401450872421
0.7550715956155208, 1.0251472780108453
0.7671623332550797, 1.0906543378531932
0.7606384495084582, 1.1112622457742691
0.7665892803377912, 1.067015224993229
0.7701943148036017, 1.1447292551398278
0.7636431529551208, 1.1025095546990633
0.7679524003385971, 1.053879051990807
0.7524650503998479, 1.1386194857954979
0.7706554488824996, 1.0087972676753998
0.7637446669928514, 1.1302337515354157
0.7750735895748285, 1.0987746718525886
0.7611662539828389, 1.1353009125217794
0.765673003573369, 1.110950733050704
0.7727037210644407, 1.1186133101209998
0.7704239604615102, 1.1446497156471014
0.7689032843155289, 1.1328607231751084
0.7697949502241599, 1.1457208982110023
0.7626038560069962, 1.0189978382736444
0.7524144702664434, 1.213483672849834
0.7678251601416382, 1.2350716403126716
0.7647463725034981, 1.1366621685028075
0.7630684360384985, 1.1935759648680686
0.7652813499631488, 1.1970622336864472
0.7724505168282358, 1.1690713883191348
0.7653579758814718, 1.2157872810959816
0.7493260028285277, 1.171202456727624
0.7643802091716421, 1.16809975117445
0.768991807764028, 1.111949235200882
0.7613082954152224, 1.1172432398796082
0.7592090976434177, 1.2340153604745865
0.7368560409534144, 1.2283779282867908
0.7651288536796931, 1.1580081075429915
0.7679403444528996, 1.0272382063418626
0.7702157021432544, 1.1591422656178474
0.7692971245940066, 1.1533871152997017
0.7365045057962659, 1.2206633130833506
0.7681191593985541, 1.1573640257120132
0.7725425862071789, 1.1833220964670181
0.7758829093659864, 1.2071825901418924
0.7599174143073562, 1.1415433965623378
0.7617802891973858, 1.2000968760252
0.757980858895878, 1.053743662238121
0.7652122216775767, 1.1844421657919884
0.7350247125413227, 1.2321466934680938
0.7371580793964269, 1.1035129787772895
0.761593805364743, 1.2126408748328685
0.7656339405114052, 1.1452877610921859
0.7558508667766546, 1.204701367765665
0.7665953608507623, 1.185402656495571
0.7620955823490678, 1.1334573859721422
0.7482901507704007, 1.1565640731155873
0.7607560669969986, 1.212433541417122
0.7617125637389125, 1.2433233657479286
0.7687136623473713, 1.124542492032051
0.749270933593078, 1.179715942442417
0.7637695931531514, 1.2070640417933465
0.7492369393204185, 1.2040308956056833
0.7736866187994559, 1.2580188217759132
0.7676191217056552, 1.1365759566426277
0.7675242371392016, 1.1435243380069733
0.7644360837077937, 1.224705075621605
0.7687819663216833, 1.1647754269838333
0.7361520779794908, 1.1718050342798234
0.7639003925378384, 1.177635004222393
0.7538454492909821, 1.144221136868
0.747793766648442, 1.1816033482551576
0.7602268841535569, 1.1251798248291016
0.7730696119100294, 1.1828134435415267
0.7547631040478825, 1.1932116734981537
0.7493311761157477, 1.2306673105061054
0.7731052081276552, 1.1621395790576934
0.7696422295301238, 1.220116444528103
0.7667813791359266, 1.229080704152584
0.7614026104634101, 1.1349645137786866
0.7641203705811537, 1.1419873413443566
0.7732466040998177, 1.2137577520310878
0.7564621709828965, 1.1797798523306846
0.7668566440244984, 1.1534263104200364
0.7541105242437017, 1.1917058855295182
0.7646728711429288, 1.082759326696396
0.768200935215973, 1.1788433179259301
0.7718471780960557, 1.1527621683478355
0.7721463817287654, 1.080137385725975
0.7647862485840938, 1.0966431342624128
0.7593459948041422, 1.181600731909275
0.7658809036965413, 1.1290192711353302
0.767385397343252, 1.1494633394479752
0.7647141042520124, 1.1229465395212173
0.768302927096699, 1.0925127851963043
0.7671427851164205, 1.1129278364777564
0.7517926227093021, 1.0682690690457821
0.7712713480814897, 1.2060780960321427
0.7671030021363221, 1.1610058039426803
0.7779958955384148, 1.1879149934649467
0.775398071111154, 1.1038749864697457
0.7685908836253825, 1.144074028134346
0.7764206370067653, 1.1536017927527427
0.7835895147355099, 1.1984784972667695
0.7597642658126856, 1.1968694266676903
0.7823814291652892, 1.146441987901926
0.7640161217263748, 1.177119742333889
0.7782558707115849, 1.1321421864628791
0.7723856030100755, 1.1029993630945683
0.7678588024700214, 1.1012309534475206
0.7734654428568885, 0.9895245064049959
0.7603473877119519, 1.081228559911251
0.7673671841924847, 1.0712067651748658
0.7721010088708105, 1.0699186496436597
0.7639944551928769, 0.9764142889901996
0.7660156727131826, 1.0814167542755604
0.7749327393958896, 1.0858003897964954
0.7714320124801876, 1.0225740902125835
0.7753584755161983, 1.0797540321946144
0.7617933430620984, 0.9243948806449771
0.7445710426989207, 1.0547574290633202
0.7738832047391003, 1.1155773946642875
0.7655913303929021, 1.0993340042233468
0.7718813752389485, 1.0357351797819137
0.7668002024753982, 1.0400282591581345
0.7724692371088653, 1.0483205756545066
0.7652986207172782, 1.050631283223629
0.77043878442705, 0.9994317610561848
0.7723774977320749, 0.9982719224691391
0.7722318012939152, 1.045225933790207
0.7542653337250008, 1.0668008995056153
0.7667208414715367, 1.0377205497026443
0.761033268120484, 1.047210967987776
0.7678124706261871, 1.0874955961853265
0.7715346853029612, 1.0050234411656858
0.7648891997749346, 1.0418340185284614
0.7755588442180779, 1.0582897919416427
0.7750697117141772, 0.8842979848384858
0.7687585075451503, 0.9648121064901352
0.7669614346166109, 1.0415406355261803
0.7607435711117828, 1.0231512288749218
0.7598261673152704, 1.0931773276627064
0.7769208329557158, 1.043840279057622
0.7774961971016585, 1.0445796808600425
0.7713005207831469, 1.047772122323513
0.7722205051698587, 1.0151361990347505
0.7658134765867927, 0.9072936356812715
0.7684775036044745, 0.9839878968894482
0.7726508524404979, 1.0371308155730368
0.7571451143273997, 1.0691249680519104
0.7701802008229794, 1.0525896356999873
0.7770295751093089, 1.1530200266838073
0.7588177724609405, 1.0252936589717865
0.7683396139671631, 1.0857072487473487
0.7707363949738957, 1.0890463936328887
0.7679313214992852, 1.0670776890218259
0.7636874531574319, 1.0179712551832198
0.7594414696254732, 1.1517778652906419
0.774114030794355, 1.08321387052536
0.774692698761053, 1.12977186024189
0.7687357628288471, 1.0760228452086449
0.7650955982587334, 1.1441969111561776
0.7555598511730133, 1.102478873282671
0.7764107328020565, 1.097523086220026
0.7752980064397758, 1.1009834042191506
0.7820422235089913, 0.9986351639032364
0.7746673557750658, 1.169647755920887
0.7765434296635579, 1.1859246996045112
0.7832405236330692, 1.1492845973372459
0.782998500745954, 1.164919142127037
0.7748138534454605, 1.1037163100391627
0.769877548378739, 1.0956782773137093
0.7736481954488226, 1.1000614361464978
0.7771956875720418, 1.1590805999934672
0.7744856253031284, 1.110774990618229
0.7844271167698836, 1.1312730917334557
0.7680135075230943, 1.158711500018835
0.7822181011395404, 1.1157825694978236
0.7698877421162799, 1.1545324525237084
0.7800948073375698, 1.1316862769424916
0.779477385860939, 1.1691541743278504
0.7758083613134795, 1.1659293898940086
0.7766217063021041, 1.1155369472503662
0.7733542215258227, 1.1185268113017082
0.7732242713979403, 1.1142068874835969
0.7776749073840209, 1.171850943863392
0.7826485883401901, 1.1285086584091186
0.7755581578987527, 1.129137890934944
0.78314993093539, 1.0385025932639838
0.7772138763681352, 1.134670378267765
0.773699290967131, 1.1646437260508538
0.7803606272775239, 1.1637601727247238
0.7710599415458559, 1.0887813390791417
0.7716034448272012, 1.147985062599182
0.7729513613756056, 1.085345382243395
0.7791534909084437, 1.122639776095748
0.7813982365626515, 1.1578743067383765
0.780505390774194, 1.1084676556289197
0.7772217515214488, 1.1295246763527393
0.7782930441405109, 1.18654800593853
0.7707899215707136, 1.140149522870779
0.7763036019416307, 1.140922611951828
0.7692280980874115, 1.1171628370136022
0.7789369942082959, 1.0997498928010463
0.759496666520552, 1.0800040653347969
0.7688638962215458, 1.0220506113767625
0.7696820300175506, 1.0764848187565803
0.7465507848096455, 1.1185137155652045
0.7664771157515106, 1.0751899236440658
0.7708081958962979, 1.1162755492329597
0.7561907575223522, 1.1283702871203423
0.770515377982574, 1.0507979767024518
0.7628819594967232, 1.1319226285815238
0.7778063518726441, 0.9947601982951164
0.7594599546686296, 1.1194197410345077
0.7713111661041433, 1.097384143024683
0.7553695159075609, 1.1298811050131916
0.7711123882523055, 1.1092620902508497
0.7725594569070522, 1.1272288473974914
0.7681498810892794, 1.1273413149267435
0.7711909329785559, 1.1400974406115711
0.7692186656011938, 1.12604117333889
0.7651672859464242, 1.0256862940639258
0.7442307696437263, 1.2053069676086308
0.763755540268039, 1.2478067058324813
0.7679601739970524, 1.1216887325048446
0.7620481888920442, 1.1739714908599854
0.7686537394985481, 1.1849079036712646
0.7676744859893425, 1.1705612151697278
0.771892311991376, 1.2131856507062913
0.7619088387689922, 1.1738173082843424
0.7690817947783261, 1.1743537510931492
0.768957620139971, 1.1173572301864625
0.7640966388524876, 1.12029595926404
0.7657150300932953, 1.245677906870842
0.747730980719386, 1.2041640524566173
0.7722213449248382, 1.1503596371412277
0.7691828542214705, 1.0087645822018385
0.7730904001323666, 1.1659601071476937
0.7667105638846743, 1.1620107239484787
0.7388019284582114, 1.2156333760544658
0.7712395422872573, 1.1427374258637428
0.7760336201738826, 1.2228359763324261
0.775033952990162, 1.2050190605968236
0.7639916737379663, 1.1575196878612042
0.7561973391753776, 1.2055524545907974
0.7581397259802479, 1.0441969311237336
0.7654729289391802, 1.183307557106018
0.7463033600844321, 1.2232204408943652
0.7410647632075503, 1.091802085135132
0.7675768285113727, 1.2103226159512996
0.7623456122258231, 1.1542965513467789
0.7629317473032711, 1.2276330755650997
0.7673290533789099, 1.1875805839896203
0.7616885519943847, 1.107871284559369
0.7536787974969549, 1.1539012391865253
0.7643738278325156, 1.1945589551329612
0.7545618571819627, 1.2629386657476425
0.76207435849807, 1.1221123114228249
0.7541983663919016, 1.1566642019152642
0.7646231219017906, 1.190332814157009
0.7449438838778881, 1.2161569133400918
0.7711814203451455, 1.227097817659378
0.7658991027532632, 1.151054191738367
0.76578060978059, 1.1370763638615609
0.7617708726801841, 1.2115476989746095
0.7655056434087694, 1.170927677154541
0.7225942473722287, 1.1720922574400903
0.7672981542089997, 1.1713193586468698
0.7448558350258704, 1.162286333143711
0.7460710511330731, 1.1502197176218032
0.7547782601744538, 1.1031875827908515
0.7691732655691822, 1.172576623558998
0.7542784240250152, 1.164458702802658
0.7510190286355849, 1.2138995344936847
0.7737506322261597, 1.1525368672609329
0.7741477432761136, 1.222574747800827
0.7682660994689395, 1.2085968786478043
0.7610824399070222, 1.1382075056433678
0.7568952907149341, 1.1323253041505814
0.7736246534369773, 1.2148332050442696
0.7569963534546598, 1.183887836933136
0.7677477375314801, 1.1359771636128426
0.7552512372156417, 1.1879538968205452
0.766560747816562, 1.0684237034618855
0.7706292203784838, 1.1554094341397285
0.7697937754998272, 1.1223766350746154
0.7663853285189387, 1.092169297784567
0.7706011255344379, 1.0945352647826077
0.7699869284409158, 1.1798115324974061
0.7667801342904208, 1.108520889878273
0.7666312211530956, 1.1156669314205647
0.7638487541370284, 1.1253960502147675
0.7647042645841939, 1.086217729896307
0.7587553015889842, 1.0996955814957619
0.7606773974531104, 1.0910954686999321
0.7727199646765268, 1.2035442274808883
0.7702075904895789, 1.1675492623448371
0.777242776049624, 1.1934301912784577
0.7784394227360292, 1.1052104499936104
0.773127107784425, 1.14893281519413
0.7789174549617616, 1.152224588394165
0.7857350036949916, 1.1887042850255967
0.7625711428935715, 1.1923908871412277
0.782925808681485, 1.151970044374466
0.7679952245448026, 1.1723486170172692
0.7803441836119219, 1.137052034139633
0.7708371467932358, 1.0975405697524547
0.7669589631585191, 1.0929984166100621
0.7726040333626598, 0.9934852803498506
0.7605342606703247, 1.0848910610377789
0.7594647966631449, 1.0731481531262397
0.7757983201948024, 1.0554902146756648
0.7725703038253346, 0.9721054390259087
0.7687008300758776, 1.0893985950946807
0.768652198623899, 1.0833086001127958
0.7678075563389419, 1.0090215370804072
0.7739124866118875, 1.0719907113909721
0.7569827848476567, 0.9289285369589925
0.7594800912167259, 1.0490594059228897
0.771668110326562, 1.1122604097425937
0.7642889345779882, 1.1175617143511771
0.7738334444961926, 1.034738396704197
0.7699005960060321, 1.0368485413491726
0.7718748685248836, 1.0473352866619825
0.7696401715497496, 1.05151611328125
0.7717476857045498, 0.9912229235470295
0.7752206895623691, 0.9939933038502932
0.76686712249301, 1.045577284991741
0.7608091087681622, 1.0665042808651923
0.7630409990285631, 1.0415396583080292
0.7622803960219051, 1.039390684068203
0.7663664185635879, 1.0789547809585929
0.7741623118478175, 1.0068978785723448
0.7643623309343232, 1.0393530806899072
0.7737079450266022, 1.072209247946739
0.7772802487318864, 0.871581868827343
0.7721302383149303, 0.9670000812411308
0.7697582142755791, 1.044021300971508
0.7654689591657994, 1.0225213672220708
0.7463418237347591, 1.0769011442363263
0.7771244028605362, 1.0335663555562495
0.774674897040357, 1.050063505023718
0.7726226348614845, 1.0539481490850449
0.7699887008248604, 1.0025134152546524
0.7648520122406444, 0.9016383785009384
0.7724336119243072, 0.971507592201233
0.775171695303389, 1.0408736856654286
0.7577099493703193, 1.0867049130797386
0.7690055879890435, 1.0495084599405526
0.7683547001440788, 1.1545139077305793
0.7565275088029101, 1.0320743402838708
0.768444826709064, 1.0708773079514504
0.7745521972222414, 1.082231268286705
0.7652939000273677, 1.0514962013065814
0.7715460893635456, 1.019310214817524
0.7636173792821503, 1.1368104428052903
0.7735266909716668, 1.0894654709100724
0.7763279216190259, 1.141953232884407
0.7659253892568681, 1.0706056579947472
0.762502841542331, 1.1280785283446313
0.7589653354970561, 1.0949135681986808
0.7763488936511014, 1.1097640411555767
0.7748314679233573, 1.1027592851966619
0.780396110253012, 0.9974290296435356
0.7764676650106574, 1.1677945969998837
0.7787680872947494, 1.1833999586105346
0.7801714860621439, 1.1481966280937195
0.7827704647838548, 1.1594680228829384
0.7716433129338651, 1.10497663192451
0.7649514796604009, 1.093315450847149
0.7755175920904095, 1.094925045967102
0.7736307546790392, 1.1547096306085587
0.7743110802652912, 1.1082336178421974
0.7825198024832023, 1.132366930246353
0.7810763299470997, 1.1641405980288981
0.781522426937252, 1.1123342923820019
0.7724131983131602, 1.1497973690927028
0.7781440499270437, 1.131349414885044
0.7811241748996243, 1.1689151325821876
0.7819676414586959, 1.1675000247359275
0.7789110939475572, 1.1133067566156387
0.7772828782963653, 1.1034185183048248
0.7754604276917783, 1.1114061356335878
0.7750934512648703, 1.1756478002667428
0.7818582575019739, 1.1242518235743046
0.7764007134888807, 1.1259620237350463
0.7806975607059385, 1.0329099286347627
0.7779705928900931, 1.133794187605381
0.7782573801692084, 1.1641650834679604
0.778472903503662, 1.163544169664383
0.7758000407755338, 1.085206190943718
0.7664177720461094, 1.117554258108139
0.7742239407308139, 1.0884933353960513
0.7802708899149162, 1.11951208896935
0.777914543191315, 1.1540250706672668
0.7760430663820151, 1.1040446949005127
0.7750614349943453, 1.1307153378427028
0.777074855346509, 1.1831253212690354
0.7701493975262816, 1.1473061695694924
0.7788019685711128, 1.1392631036043168
0.7746224998790687, 1.115879842042923
0.7743868733435585, 1.098677790313959
0.7612023055826319, 1.0847439520061015
0.7742076711378799, 1.019142483137548
0.76890551242586, 1.077947272360325
0.763764076881062, 1.1125051906704904
0.7699396011467984, 1.0630102473497391
0.7725932563776998, 1.1197610372304916
0.7642624191104073, 1.1086935163289309
0.7715044113500351, 1.048784856684506
0.748681117928193, 1.136397060751915
0.7747855169696068, 1.0048660653829575
0.7721391394869829, 1.1203211212158204
0.7691731723844202, 1.09179993852973
0.7664911755189125, 1.1182094333320856
0.7670489830564022, 1.1094600658118725
0.7719559677804071, 1.1236524551641196
0.7795064596866402, 1.1495185941457748
0.7726955074516427, 1.117514474503696
0.7746997019911623, 1.116812350153923
0.7635283711638656, 1.0140916427224875
0.7521833748286845, 1.1995945620536803
0.7661783854632943, 1.2041570346057415
0.7723222720248085, 1.150441924929619
0.7697812924749303, 1.1643515676259995
0.7704093456128954, 1.1903561332821846
0.7717941940567882, 1.153357063010335
0.773047775406812, 1.2220666787028314
0.7681115597909189, 1.1474538285005838
0.764450107289914, 1.1432780015468598
0.7720122048573641, 1.131505989432335
0.7655132703297345, 1.095973296612501
0.761582337524273, 1.2547071087360382
0.7526763263452766, 1.187750427722931
0.7721304979653194, 1.135422376692295
0.7643897016015463, 1.0184719259291888
0.7708093168115631, 1.1708574372529983
0.7690570227937644, 1.137305875122547
0.749257323164513, 1.1998556848242878
0.7711987160463911, 1.1496886345744133
0.7788422080251223, 1.2185243631433695
0.7779239582290502, 1.2066264152526855
0.7596734190542507, 1.1479776561260224
0.7667390136303998, 1.1809196752309798
0.7626696830512064, 1.036509622335434
0.758176487462808, 1.1845743185281754
0.7471543298243138, 1.2267590814828873
0.7437024040160382, 1.1010867124330252
0.7516404826345585, 1.2114576217532158
0.7602798229959723, 1.143927137851715
0.7614794161010942, 1.2053486186265945
0.7639121698672245, 1.1682975482940674
0.760375320977704, 1.0996367856347933
0.7527138435452428, 1.1476023417711259
0.7689512809412438, 1.194819620847702
0.7600281927421111, 1.2149101847410202
0.7635956426630914, 1.1102918784320355
0.7592926055956142, 1.1516978737711907
0.7707900416799791, 1.1886318656802177
0.7455143027193082, 1.1611769002676011
0.7708048144128082, 1.2155815494060516
0.7704823217843504, 1.1164906207472085
0.7651039055141091, 1.1556083735823632
0.7572627655987536, 1.1919131249189376
0.7681844231957308, 1.1472621974349022
0.7392943518917572, 1.1678370654582977
0.7693884867323557, 1.1511701968312265
0.7581540966649113, 1.1472312626242638
0.7562255478811236, 1.1430909109115601
0.7592064156574028, 1.097809331715107
0.7703242772794471, 1.1626448607444764
0.7476451464332766, 1.1636046147346497
0.7610700945548396, 1.2224116548895836
0.7699034929826784, 1.1390392139554024
0.7717290323208442, 1.207214660346508
0.7697309636049648, 1.1986285489797592
0.7575956506476039, 1.1246208924055099
0.7570866150536921, 1.1621787923574447
0.7706970548922155, 1.1988578486442565
0.7567755990106038, 1.1908933731913567
0.7672045404462899, 1.1301797607541084
0.7592729176309865, 1.1942688772082328
0.7637781516303029, 1.0857569187879563
0.7705369927429186, 1.163164738714695
0.7621970927895607, 1.1348305956274272
0.7661398737952857, 1.0902474254369736
0.7688694628205298, 1.0941777882166206
0.7650658455534661, 1.1766104063391685
0.7665468689416782, 1.112023868560791
0.7616425357528314, 1.1139572735130787
0.7632430220547496, 1.1025382333993912
0.7629466495459186, 1.0788575357198715
0.7716617863972751, 1.1147483642399312
0.75324865704476, 1.0497247521579265
0.7735863910935866, 1.204348886013031
0.770079017018321, 1.158897404372692
0.7810224084136002, 1.1944377630949021
0.775991661194129, 1.100303204357624
0.7748642060963317, 1.1435648396611213
0.7761198518395583, 1.1498992002010346
0.784146064934396, 1.1897597622871399
0.7634268934372713, 1.1869119821488858
0.7808991876047374, 1.151698256507516
0.7713065599717469, 1.174124999344349
0.780992086909222, 1.1283912473917008
0.7745909990322044, 1.086324321590364
0.7672290625241422, 1.0991744109988213
0.7690725459968558, 0.9890693886578084
0.763794812705505, 1.0918469677865505
0.7652261019405959, 1.0691914643347262
0.7758121016657957, 1.0530088722705842
0.772611278062028, 0.9715012727864086
0.7662071798833272, 1.0894426311552525
0.7736080207080859, 1.0686552187800407
0.766269028290065, 1.0074342396855354
0.7771830048877001, 1.0748533308506012
0.7603406023799014, 0.9188898788578809
0.7589967407828301, 1.049476238489151
0.774828823861151, 1.1110930874943734
0.770671514773557, 1.1052356603741647
0.7717459962524783, 1.0289845815300942
0.7694842729097604, 1.0303002198040485
0.7728738051390877, 1.0484393421560525
0.7681503235513684, 1.048344359844923
0.7722134616828937, 0.9941425597667695
0.7743665693154088, 0.9933619559556246
0.7730802739879519, 1.039337410517037
0.7582229596051091, 1.0677044692635536
0.7653544984779099, 1.0340965995192528
0.7632467005140947, 1.0421473564207553
0.770684754752309, 1.0817351960763335
0.7697866771192834, 1.0029327484965325
0.7637466313804777, 1.0390136820077895
0.7742623599798006, 1.0630922582745552
0.7771356070676801, 0.8628246447443962
0.7732123148470792, 0.9649086391925812
0.7702244346823134, 1.0366442307457329
0.7699651155493548, 1.0159268161654473
0.745261503008212, 1.0832766464352608
0.7747946872663037, 1.0299610486626625
0.7748892851805586, 1.0444530456513166
0.777262123930187, 1.0512608575820923
0.7711416677761704, 1.0052088311500846
0.7683636025098619, 0.9069467247277498
0.7706875963680866, 0.9646904766559601
0.7735525815033295, 1.0288116953521966
0.7545760314170277, 1.0689598155021667
0.7726988534912097, 1.0551942436629906
0.773751365177007, 1.140558006465435
0.7563158686993564, 1.0299906592071055
0.765868732908997, 1.0616980683803559
0.7728501068095539, 1.0810556289553643
0.7628304200166063, 1.0632014790177344
0.7710450620617724, 1.0114431297779083
0.7659654763963557, 1.1385582864284516
0.7730859922047573, 1.0677966713905334
0.7748724519195481, 1.1318192702531815
0.7682022426939558, 1.0735374742746353
0.7656787451974599, 1.1398638942837716
0.7625537346692547, 1.0968377356231214
0.7653436637354308, 1.108099245876074
0.7800335726884113, 1.1022274775058032
0.7813139670858797, 1.0001093000173569
0.777602810944939, 1.1697537732124328
0.7787602340961449, 1.1859635832905768
0.7821910234053567, 1.1432549750804901
0.7839400617985262, 1.16265728443861
0.7687080198406973, 1.1058138926327228
0.7703443528044737, 1.0919217756390571
0.777981367938206, 1.0960977844893933
0.7769970630803639, 1.1592074619233608
0.7727455898412882, 1.1005593797564506
0.7854912303868725, 1.128967917561531
0.775756371063182, 1.1545722001045942
0.7830490219620581, 1.1190000553429127
0.778124762184098, 1.1573711670190097
0.7784583740836254, 1.1313347025215625
0.783294813474066, 1.1694376075267792
0.7832007535130052, 1.1628160512447356
0.7811332932405253, 1.1064292061328889
0.77828331311637, 1.102531895339489
0.7810251518111965, 1.119167223572731
0.7800820770570324, 1.1691177797317505
0.7798303314991968, 1.124317090511322
0.7716190160541481, 1.1241501504182816
0.7846217240321627, 1.0314312703907489
0.7745307978363841, 1.1364899152517318
0.7816194270214584, 1.1629411095380784
0.7817699550508291, 1.160743247270584
0.7673021000435359, 1.0727910185605287
0.7578283468665692, 1.1133756014704703
0.7731823229150921, 1.0813666547834873
0.7824158945275271, 1.123709093183279
0.7831913238676875, 1.1475967568159104
0.7818361413416898, 1.09966705262661
0.7714476150044112, 1.127638152241707
0.7815263667562843, 1.190554817020893
0.7720573242558404, 1.1418209353089332
0.7783984823894429, 1.1422341856360436
0.7740325142379342, 1.1110943481326103
0.776708180022615, 1.10063317283988
0.7568186930589847, 1.0644469149410725
0.7686107407222443, 1.0299166161566973
0.7713825490356773, 1.081024355739355
0.756603908416036, 1.1113371601700783
0.7718452403934815, 1.053249267041683
0.7731902318734211, 1.1178371733427048
0.7722245633205221, 1.1012167634814978
0.7676242467048602, 1.059544349052012
0.7551797955081115, 1.1195225670933724
0.7754736364072629, 0.9994019415974617
0.7642236392685153, 1.1225681599974633
0.7772054697380192, 1.1020230096578598
0.7641759164914482, 1.1098503828793764
0.7672942660798362, 1.1038600882887841
0.7634054856934536, 1.1040814251173288
0.7706107139248459, 1.1287376386672259
0.7721462428985612, 1.1199184315465391
0.7751210024001893, 1.1202628907561303
0.7691809246985043, 0.9889763065427541
0.7515169900741713, 1.1920994858816265
0.7688631328687822, 1.2152522011846303
0.7612503425046766, 1.1373275548219681
0.762397934874479, 1.1480054891109466
0.7684751503823518, 1.193079013824463
0.7731311519387426, 1.1455579272657632
0.7749026913805924, 1.21791570186615
0.7668010973210901, 1.1372859340300783
0.7638642877330359, 1.151658807247877
0.7645185684314895, 1.0971384966373443
0.7611660987482154, 1.0876670762896539
0.764518517659675, 1.2147118788957596
0.7461565094676157, 1.1793711154907942
0.7707938080910922, 1.1476338514685631
0.7715715501467302, 1.0068345329910517
0.7747157194035678, 1.1389719980955124
0.7684059058871335, 1.1319027808308602
0.7388486867921641, 1.1859504796937108
0.7680770927385752, 1.1271340927481652
0.771790368142763, 1.2087997167324647
0.7748515231712066, 1.217857962846756
0.7582489909330201, 1.1401432272791863
0.7610241357508286, 1.1741994872689248
0.7615968875648376, 1.0368956723809242
0.7674333118428637, 1.2130018961429596
0.7514896519133565, 1.226208868175745
0.7345043581420667, 1.0622839407622815
0.7537000088950971, 1.2132737417519093
0.7673744412235995, 1.1530319112539291
0.7616982787227584, 1.216446221470833
0.7676256758484364, 1.1615813171863556
0.7606276959296994, 1.0942503263056278
0.7646870935163246, 1.1303735925257206
0.768041679376447, 1.1994616621732712
0.7641887780474728, 1.2357504585385322
0.7675919354287862, 1.107193192988634
0.757239943601151, 1.1283912479877471
0.7667795501381636, 1.1839761054515838
0.7474335429674942, 1.193092180788517
0.7721750501068512, 1.2088584914803504
0.7739540326425479, 1.1201880633831025
0.7641792693769878, 1.144064025580883
0.7564281318960656, 1.1768939915299415
0.7665890378986246, 1.1777519941329957
0.7335047124743944, 1.1582329702377319
0.7646440979997439, 1.1546565437316894
0.7547475000414057, 1.1381522449851036
0.7535257729524865, 1.1789563712477684
0.7523023751287616, 1.1035268715023994
0.7688043092575605, 1.1738413310050964
0.7517732690214657, 1.1613227385282516
0.7516331859195405, 1.2078963819146156
0.7753653541751053, 1.1377468267083168
0.7717672867047781, 1.229046520292759
0.7717604755142061, 1.2074824480712414
0.7615472925842784, 1.1308556665480136
0.7652028601391523, 1.130356011390686
0.770975180374184, 1.1903906784951688
0.7565559722926776, 1.2138131695985794
0.7634888356204931, 1.1265124228596688
0.749054972194578, 1.1899523290991783
0.76499298662872, 1.081076295673847
0.7724408527564841, 1.1640830624103546
0.772499553733164, 1.118393049016595
0.7744322326302427, 1.0804395992308855
0.7676523405645889, 1.0739095739461482
0.7651337806956778, 1.1648901948332786
0.7664076380629269, 1.1147737982869148
0.7656446643932056, 1.1056960226595403
0.7667806753285917, 1.1025787532329558
0.7671273266860206, 1.0699754130840302
0.7682256297655915, 1.104624715745449
0.7600600695928297, 1.0572457834333182
0.7733276118662508, 1.2063562947511672
0.7744912789383414, 1.1516777521371842
0.7775703111286447, 1.1930693954229354
0.77569708396606, 1.1023826402425767
0.7738493653601928, 1.1395862621068955
0.7816890668197566, 1.1490304452180862
0.7846976318753706, 1.1944161081314086
0.7677850043751162, 1.1855851194262506
0.7835233185321486, 1.141917997673154
0.7639131361954654, 1.165511217713356
0.7801323352994181, 1.1277766221761703
0.7739888947262011, 1.0802304201573134
0.7643645501620199, 1.0965456268191338
0.7716720974176038, 0.9875912744551897
0.7630083058944206, 1.083885673880577
0.7711504500400383, 1.0814546909183265
0.7758984814357333, 1.0697362604737282
0.7681619083640435, 0.9651579602528364
0.7717766554881145, 1.0832943260669707
0.7762322804319556, 1.0654318876937032
0.763875859834484, 1.0100260015577078
0.7805289398827923, 1.0560898853838443
0.7551847783520139, 0.9133475803025067
0.7503208035546317, 1.058378517627716
0.7763791300019962, 1.1019445855915546
0.7653530860108401, 1.112069254219532
0.7726921778240559, 1.023863056600094
0.7688723273074722, 1.0358969686925412
0.7740539975522976, 1.0394173011928798
0.7706333737667138, 1.0373549976944922
0.7703798610512784, 0.9904180151224137
0.7741983196504283, 1.0001105471700429
0.7705789717424172, 1.0414588405191898
0.7690574985193162, 1.0667494064569474
0.7659668572627268, 1.0432638522982598
0.7573893293777941, 1.029909317046404
0.7678935055968407, 1.0811640800535678
0.7729096419545367, 1.0160106393694877
0.7635047407016538, 1.032162987291813
0.7726676731176523, 1.0504103329777719
0.7747204088128976, 0.8643904989957809
0.768623544606488, 0.9585826629400254
0.7727581287153391, 1.0411717224866153
0.7705634148872305, 1.0071598923206329
0.7555067595874789, 1.0800989347696304
0.7785260050877515, 1.0322058235108853
0.7745282697960225, 1.043900077417493
0.7736340350737142, 1.0499578353762626
0.7703378222696947, 1.001861605681479
0.7643319379231391, 0.8969020484387875
0.7742620517084389, 0.9705028280615806
0.7757207030127955, 1.027457378320396
0.7596309968287589, 1.0671354648470879
0.7725422834084891, 1.0489736489672215
0.7739308530484987, 1.1357379215955734
0.756271138443428, 1.0157073751091956
0.7688502125386584, 1.0610282689332962
0.7716435645071428, 1.0778985410928725
0.7654711023048697, 1.0493598645925521
